135
152
171
191
212
235
258
283
308
335
361
389
416
444
472
500
528
556
583
610
637
663
689
713
738
761
784
807
829
851
872
893
914
936
964
1004
1064
1157
1296
1506
1828
2330
3074
4011
5167
6574
8264
10267
12611
15321
18415
21906
25799
30092
34773
39821
45208
50898
56844
62998
69303
75700
82130
88532
94845
101013
106985
112713
118156
123279
128056
132466
136497
140142
143403
146285
148801
150967
152804
154336
155588
156589
157367
157952
158373
158661
158842
158944
158991
159006
159008
158945
158765
158480
158103
157649
157134
156573
155982
155379
154779
154198
153652
153156
152723
152366
152096
151923
151854
151894
152047
152313
152691
153176
153758
154427
155167
155959
156780
157603
158394
159076
159503
159931
160362
160795
161229
161665
162104
162545
162987
163432
163879
164328
164779
165232
165687
166145
166605
167067
167532
167999
168468
168940
169414
169890
170369
170850
171334
171821
172310
172802
173296
173793
174293
174796
175301
175810
176321
176835
177352
177872
178395
178921
179451
179983
180519
181058
181601
182147
182696
183249
183805
184365
184929
185496
186067
186642
187221
187804
188391
188983
189578
190178
190782
191391
192004
192623
193245
193873
194506
195144
195787
196435
197089
197748
198414
199085
199762
200445
201135
201831
202533
203243
203960
204684
205415
206155
206902
207657
208421
209194
209976
210767
211568
212379
213201
214033
214878
215734
216602
217484
218379
219288
220213
221154
222111
223086
224080
225093
226129
227187
228270
229379
230517
231686
232889
234131
235414
236744
238126
239522
240910
242290
243662
245025
246379
247723
249058
250383
251698
253003
254296
255579
256850
258109
259356
260590
261812
263020
264214
265395
266561
267712
268848
269968
271072
272158
273228
274280
275313
276327
277322
278296
279249
280181
281089
281974
282835
283670
284478
285259
286010
286729
287416
288067
288681
289254
289782
290260
290680
291032
291291
292448
295235
298034
300844
303665
306498
309341
312195
315059
317933
320817
323710
326614
329526
332447
335376
338315
341261
344215
347176
350145
353121
356104
359093
362088
365089
368095
371107
374124
377145
380170
383200
386233
389269
392308
395350
398394
401440
404487
407536
410585
413635
416685
419734
422783
425831
428877
431922
434964
438004
441040
444073
447103
450128
453148
456163
459173
462177
465174
468165
471148
474124
477092
480051
483001
485942
488873
491794
494704
497603
500490
503365
506228
509077
511914
514736
517544
520337
523114
525877
528622
531352
534064
536758
539434
542092
544731
547350
549950
552529
555087
557624
560139
562632
565102
567549
569973
572372
574747
577097
579421
581720
583992
586238
588456
590646
592809
594943
597048
599123
601169
603184
605169
607122
609044
610934
612792
614617
616409
618167
619891
621580
623235
624855
626439
627987
629499
630974
632412
633813
635176
636500
637786
639034
640242
641410
642538
643627
644674
645680
646646
647569
648451
649290
650086
650840
651550
652216
652838
653416
653949
654437
654879
655274
655624
655926
656180
656385
656541
656646
656698
656702
656689
656658
656608
656542
656458
656359
656241
656105
655952
655783
655596
655394
655173
654935
654681
654409
654121
653818
653497
653159
652805
652434
652048
651645
651225
650789
650337
649870
649388
648888
648372
647841
647294
646731
646156
645563
644954
644331
643692
643039
642371
641687
640989
640276
639547
638807
638051
637280
636495
635696
634884
634058
633217
632363
631494
630613
629720
628811
627891
626956
626009
625050
624078
623092
622094
621084
620061
619027
617982
616923
615852
614771
613679
612573
611456
610329
609190
608040
606879
605709
604527
603335
602130
600918
599696
598462
597218
595965
594702
593430
592149
590858
589558
588249
586931
585605
584269
582924
581571
580210
578841
577465
576080
574687
573286
571877
570463
569040
567609
566171
564727
563276
561819
560354
558883
557405
555922
554434
552937
551435
549928
548415
546896
545372
543844
542310
540771
539226
537677
536124
534565
533002
531435
529863
528287
526709
525126
523538
521947
520353
518756
517154
515550
513942
512331
510717
509101
507483
505861
504237
502611
500983
499352
497719
496084
494446
492808
491167
489526
487883
486239
484592
482946
481298
479649
477999
476348
474696
473043
471392
469739
468085
466432
464779
463125
461471
459817
458163
456509
454856
453205
451553
449901
448250
446601
444952
443303
441656
440009
438364
436720
435078
433437
431796
430158
428521
426887
425253
423621
421991
420363
418737
417113
415492
413872
412255
410639
409028
407417
405809
404203
402600
401000
399402
397808
396216
394627
393041
391459
389878
388301
386727
385156
383588
382023
380463
378905
377351
375800
374253
372710
371169
369632
368098
366569
365044
363522
362005
360490
358979
357473
355972
354472
352978
351488
350001
348519
347040
345568
344097
342632
341170
339714
338261
336813
335369
333929
332494
331063
329638
328216
326799
325387
323979
322575
321176
319782
318392
317007
315626
314250
312880
311514
310152
308796
307444
306096
304753
303416
302082
300754
299431
298114
296800
295491
294188
292889
291595
290305
289021
287742
286467
285198
283934
282674
281420
280170
278926
277685
276451
275221
273996
272775
271560
270351
269146
267946
266751
265561
264376
263195
262020
260850
259684
258524
257368
256218
255073
253932
252797
251667
250540
249420
248304
247193
246087
244985
243890
242799
241712
240631
239554
238483
237416
236354
235296
234244
233196
232154
231116
230083
229055
228032
227013
225999
224990
223985
222986
221991
221001
220016
219035
218059
217087
216120
215158
214201
213248
212299
211356
210417
209482
208552
207628
206707
205790
204879
203971
203068
202170
201276
200386
199502
198621
197745
196873
196006
195142
194284
193430
192579
191733
190892
190055
189222
188393
187569
186749
185932
185120
184313
183509
182709
181914
181123
180336
179553
178774
177999
177228
176461
175697
174939
174184
173433
172685
171942
171203
170468
169736
169008
168284
167564
166847
166135
165426
164721
164019
163322
162628
161939
161252
160569
159890
159214
158542
157874
157209
156548
155891
155236
154586
153938
153294
152654
152017
151383
150754
150127
149504
148884
148267
147655
147045
146438
145835
145235
144638
144044
143454
142867
142284
141703
141125
140551
139980
139412
138846
138284
137726
137170
136617
136067
135520
134976
134436
133898
133363
132830
132302
131775
131252
130731
130214
129699
129188
128678
128172
127669
127167
126670
126174
125681
125191
124704
124220
123738
123259
122783
122309
121837
121369
120902
120439
119978
119520
119064
118611
118160
117711
117265
116821
116380
115942
115506
115072
114640
114211
113784
113360
112939
112519
112101
111686
111273
110863
110455
110049
109645
109244
108845
108447
108053
107659
107269
106880
106494
106110
105728
105348
104970
104594
104220
103849
103480
103112
102747
102383
102022
101663
101305
100949
100595
100244
99894
99546
99200
98856
98514
98174
97835
97499
97164
96831
96500
96171
95844
95518
95194
94872
94552
94234
93917
93602
93288
92977
92667
92359
92052
91747
91444
91142
90843
90544
90247
89952
89659
89367
89077
88788
88501
88216
87932
87649
87369
87089
86812
86535
86260
85987
85715
85444
85176
84908
84642
84377
84114
83852
83592
83333
83075
82819
82564
82311
82060
81809
81560
81311
81065
80819
80575
80333
80091
79851
79612
79375
79139
78904
78670
78437
78206
77976
77747
77520
77293
77068
76845
76622
76400
76180
75961
75743
75526
75310
75095
74882
74670
74458
74248
74039
73831
73625
73419
73215
73011
72809
72607
72407
72208
72010
71812
71617
71422
71228
71035
70843
70652
70462
70273
70084
69898
69711
69526
69342
69159
68977
68795
68615
68436
68258
68080
67904
67728
67553
67380
67207
67035
66864
66693
66524
66355
66188
66021
65855
65690
65526
65362
65200
65038
64877
64717
64558
64400
64242
64086
63930
63775
63621
63467
63314
63162
63011
62860
62711
62562
62414
62266
62119
61974
61828
61684
61540
61397
61255
61114
60973
60833
60694
60555
60417
60280
60143
60007
59872
59738
59604
59471
59338
59206
59075
58944
58815
58685
58557
58429
58302
58175
58049
57924
57799
57675
57552
57429
57306
57185
57063
56943
56823
56704
56585
56467
56349
56232
56116
56000
55885
55770
55656
55543
55430
55318
55206
55095
54984
54874
54764
54655
54546
54438
54331
54224
54117
54011
53906
53801
53697
53593
53489
53386
53284
53182
53081
52980
52879
52779
52680
52581
52483
52385
52287
52190
52093
51997
51901
51806
51711
51617
51523
51430
51337
51244
51152
51061
50970
50879
50789
50699
50610
50520
50432
50344
50256
50169
50082
49995
49909
49824
49738
49653
49569
49485
49401
49318
49235
49153
49070
48989
48907
48827
48746
48666
48586
48507
48428
48349
48271
48193
48115
48038
47961
47885
47809
47733
47657
47582
47508
47433
47359
47286
47212
47139
47067
46994
46923
46851
46780
46708
46638
46568
46497
46428
46358
46289
46221
46152
46084
46016
45949
45882
45815
45748
45682
45616
45551
45486
45420
45356
45292
45227
45164
45100
45037
44974
44911
44848
44787
44725
44663
44602
44541
44480
44420
44359
44300
44240
44181
44122
44063
44005
43946
43888
43831
43773
43716
43659
43602
43546
43489
43434
43378
43322
43267
43212
43157
43103
43049
42995
42941
42888
42834
42781
42729
42676
42624
42572
42520
42468
42417
42366
42315
42264
42214
42163
42113
42064
42014
41965
41916
41867
41818
41770
41721
41673
41626
41578
41530
41483
41437
41390
41343
41296
41250
41204
41159
41113
41068
41022
40977
40932
40888
40844
40800
40755
40712
40668
40625
40581
40538
40496
40453
40410
40368
40326
40284
40242
40201
40159
40118
40077
40036
39995
39955
39914
39875
39835
39795
39755
39716
39677
39637
39598
39560
39521
39483
39444
39406
39368
39330
39293
39255
39218
39181
39144
39107
39070
39034
38997
38961
38925
38889
38854
38818
38783
38747
38712
38677
38642
38608
38573
38539
38504
38470
38436
38402
38369
38335
38302
38269
38236
38203
38170
38137
38105
38072
38040
38008
37976
37944
37913
37881
37849
37818
37787
37756
37725
37694
37664
37633
37602
37572
37542
37512
37482
37453
37423
37393
37364
37335
37306
37276
37247
37219
37190
37161
37133
37105
37077
37049
37021
36993
36965
36937
36910
36883
36855
36828
36801
36774
36747
36721
36694
36668
36641
36615
36589
36563
36537
36511
36485
36460
36434
36409
36383
36358
36333
36308
36283
36258
36234
36209
36185
36160
36136
36112
36088
36064
36040
36016
35993
35969
35946
35922
35899
35876
35853
35830
35807
35784
35761
35739
35716
35694
35671
35649
35627
35605
35583
35561
35539
35517
35496
35474
35453
35431
35410
35389
35368
35347
35326
35305
35284
35264
35243
35222
35202
35182
35161
35141
35121
35101
35081
35061
35041
35022
35002
34983
34963
34944
34925
34905
34886
34867
34848
34829
34810
34792
34773
34754
34736
34718
34699
34681
34663
34644
34626
34608
34590
34572
34555
34537
34519
34502
34484
34467
34449
34432
34415
34398
34381
34364
34347
34330
34313
34296
34279
34263
34246
34230
34213
34197
34181
34165
34148
34133
34116
34100
34085
34069
34053
34037
34022
34006
33990
33975
33959
33944
33929
33914
33899
33884
33869
33853
33838
33824
33809
33794
33780
33765
33750
33736
33721
33707
33693
33678
33664
33650
33636
33622
33608
33594
33580
33566
33552
33539
33525
33512
33498
33484
33471
33457
33444
33431
33418
33405
33391
33378
33365
33352
33340
33327
33314
33301
33288
33275
33263
33250
33238
33225
33213
33201
33188
33176
33164
33151
33139
33127
33115
33103
33091
33079
33068
33056
33044
33032
33021
33009
32998
32986
32974
32963
32952
32940
32929
32918
32907
32895
32884
32873
32862
32851
32840
32829
32818
32808
32797
32786
32775
32765
32754
32744
32733
32722
32712
32702
32691
32681
32671
32660
32650
32640
32630
32620
32610
32600
32590
32580
32570
32560
32550
32541
32531
32521
32511
32502
32492
32483
32473
32464
32454
32445
32435
32426
32417
32408
32398
32389
32380
32371
32362
32353
32344
32335
32326
32317
32308
32299
32291
32282
32273
32264
32256
32247
32239
32230
32221
32213
32204
32196
32188
32179
32171
32163
32154
32146
32138
32130
32122
32114
32105
32097
32089
32081
32073
32066
32058
32050
32042
32034
32026
32019
32011
32003
31996
31988
31980
31973
31965
31958
31950
31943
31935
31928
31921
31913
31906
31899
31892
31884
31877
31870
31863
31856
31849
31841
31835
31827
31820
31814
31807
31800
31793
31786
31779
31772
31766
31759
31752
31746
31739
31733
31726
31719
31713
31706
31700
31693
31687
31680
31674
31667
31661
31655
31648
31642
31636
31630
31624
31617
31611
31605
31599
31593
31587
31581
31574
31568
31562
31557
31551
31545
31539
31533
31527
31521
31516
31510
31504
31498
31493
31487
31481
31476
31470
31465
31459
31454
31448
31443
31437
31432
31426
31421
31415
31410
31405
31399
31394
31388
31383
31378
31372
31367
31362
31357
31352
31347
31342
31336
31331
31326
31321
31316
31311
31306
31301
31296
31291
31286
31282
31277
31272
31267
31262
31258
31253
31248
31243
31238
31234
31229
31224
31220
31215
31211
31206
31201
31197
31192
31188
31183
31179
31174
31170
31165
31161
31156
31152
31148
31143
31139
31135
31130
31126
31122
31117
31113
31109
31104
31100
31096
31092
31088
31084
31080
31076
31071
31068
31063
31059
31055
31051
31047
31043
31040
31036
31032
31028
31024
31020
31016
31012
31008
31004
31001
30997
30993
30989
30985
30982
30978
30974
30970
30967
30963
30960
30956
30952
30948
30945
30941
30938
30934
30931
30927
30924
30920
30917
30913
30910
30906
30903
30899
30896
30893
30889
30886
30882
30879
30876
30873
30869
30866
30862
30859
30856
30853
30850
30846
30843
30840
30837
30834
30830
30827
30824
30821
30818
30815
30811
30809
30805
30802
30799
30796
30793
30790
30787
30784
30781
30778
30775
30772
30769
30767
30763
30761
30758
30755
30752
30749
30746
30744
30741
30738
30735
30733
30730
30727
30724
30721
30719
30716
30713
30710
30708
30705
30702
30699
30697
30695
30692
30689
30686
30684
30681
30679
30676
30673
30671
30668
30666
30663
30661
30658
30655
30653
30650
30648
30646
30643
30641
30639
30636
30634
30631
30629
30626
30624
30622
30620
30617
30615
30613
30610
30608
30606
30603
30601
30599
30597
30594
30592
30590
30587
30585
30583
30581
30578
30576
30574
30572
30569
30567
30565
30563
30561
30559
30557
30554
30553
30550
30548
30546
30544
30542
30540
30538
30536
30534
30532
30530
30528
30526
30524
30522
30520
30518
30516
30514
30512
30510
30509
30506
30504
30503
30501
30499
30496
30495
30493
30491
30489
30487
30485
30484
30482
30480
30478
30476
30474
30472
30471
30469
30467
30465
30464
30462
30460
30458
30457
30455
30453
30452
30450
30448
30446
30445
30443
30441
30440
30438
30437
30435
30433
30431
30430
30428
30427
30425
30423
30422
30420
30418
30417
30415
30414
30412
30411
30409
30408
30406
30404
30402
30401
30400
30398
30397
30395
30394
30392
30391
30389
30388
30386
30385
30383
30381
30380
30379
30377
30376
30374
30373
30372
30371
30369
30368
30366
30365
30364
30362
30361
30359
30358
30357
30355
30354
30353
30351
30350
30348
30347
30346
30345
30343
30342
30340
30339
30338
30337
30335
30334
30333
30331
30330
30329
30328
30326
30325
30324
30323
30322
30320
30319
30318
30317
30315
30314
30313
30312
30311
30310
30309
30307
30306
30305
30304
30302
30301
30301
30299
30298
30297
30296
30294
30293
30292
30291
30290
30289
30288
30287
30286
30284
30283
30282
30281
30280
30279
30278
30277
30276
30275
30274
30273
30272
