90
102
114
128
142
158
174
191
208
226
244
263
282
301
320
340
359
378
397
415
433
451
469
486
503
519
535
550
565
580
595
609
623
638
657
683
724
785
877
1017
1229
1561
2060
2693
3477
4437
5597
6981
8612
10512
12699
15187
17986
21101
24529
28263
32286
36578
41109
45847
50753
55783
60892
66033
71157
76219
81172
85974
90586
94975
99112
102973
106541
109804
112755
115394
117724
119755
121499
122972
124192
125181
125963
126561
127000
127306
127504
127619
127674
127693
127695
127623
127424
127120
126736
126291
125803
125291
124769
124251
123751
123279
122845
122458
122126
121854
121648
121512
121449
121462
121551
121719
121964
122286
122684
123157
123701
124314
124993
125735
126536
127393
127936
128300
128667
129037
129409
129784
130162
130543
130927
131314
131704
132097
132493
132893
133295
133701
134111
134524
134940
135360
135784
136211
136643
137078
137517
137960
138407
138859
139315
139775
140240
140709
141183
141662
142146
142635
143130
143629
144134
144645
145161
145684
146212
146747
147288
147836
148390
148952
149520
150097
150680
151272
151872
152481
153098
153724
154360
155006
155661
156327
157005
157693
158394
159107
159833
160573
161327
162096
162881
163682
164501
165339
166196
167075
167975
168900
169849
170827
171833
172872
173946
175058
176212
177413
178665
179976
181353
182807
184349
185998
187776
189715
191865
194307
197055
199845
202659
205496
208357
211241
214148
217078
220030
223005
226002
229022
232062
235125
238209
241313
244439
247584
250750
253936
257141
260366
263609
266871
270151
273448
276763
280095
283443
286808
290188
293584
296994
300418
303857
307308
310773
314250
317739
321239
324749
328270
331801
335340
338888
342444
346007
349577
353152
356733
360319
363908
367501
371097
374695
378294
381893
385492
389090
392687
396281
399873
403460
407042
410619
414190
417754
421309
424856
428394
431921
435437
438941
442432
445910
449372
452820
456251
459665
463061
466438
469795
473131
476446
479739
483008
486252
489472
492665
495832
498971
502081
505161
508211
511229
514215
517168
520087
522971
525818
528629
531403
534138
536833
539488
542102
544674
547204
549689
552130
554526
556876
559178
561433
563639
565796
567903
569958
571962
573914
575812
577656
579446
581180
582858
584479
586043
587549
588995
590382
591709
592974
594179
595321
596400
597415
598367
599254
600075
600830
601518
602139
602691
603175
603588
603930
604200
604396
604516
604555
604549
604528
604492
604438
604368
604283
604181
604063
603928
603779
603614
603433
603235
603022
602793
602549
602289
602014
601723
601416
601095
600757
600405
600038
599657
599257
598845
598418
597975
597517
597046
596560
596057
595543
595013
594467
593909
593336
592750
592148
591533
590905
590261
589606
588936
588254
587556
586847
586123
585386
584637
583875
583100
582311
581510
580698
579870
579032
578182
577319
576443
575558
574659
573747
572825
571892
570948
569990
569022
568044
567052
566052
565040
564018
562983
561941
560886
559821
558746
557663
556568
555462
554349
553225
552090
550948
549797
548636
547464
546285
545097
543899
542694
541481
540259
539027
537789
536543
535286
534024
532755
531476
530190
528899
527599
526290
524977
523656
522329
520993
519653
518305
516950
515591
514225
512853
511474
510090
508702
507305
505905
504500
503089
501672
500251
498825
497393
495959
494519
493075
491625
490172
488715
487254
485788
484320
482847
481370
479891
478408
476921
475431
473938
472443
470943
469442
467938
466430
464922
463410
461897
460380
458862
457342
455819
454295
452770
451243
449713
448183
446652
445118
443585
442050
440515
438976
437438
435900
434360
432821
431280
429741
428199
426658
425117
423574
422033
420492
418952
417410
415870
414330
412790
411251
409712
408175
406637
405102
403567
402031
400499
398967
397437
395906
394378
392852
391326
389802
388280
386760
385241
383724
382209
380695
379184
377675
376168
374662
373160
371659
370160
368664
367171
365680
364191
362705
361222
359741
358263
356788
355316
353846
352379
350916
349455
347997
346543
345092
343643
342198
340757
339318
337882
336450
335024
333597
332176
330759
329343
327933
326526
325123
323722
322327
320935
319545
318161
316780
315404
314030
312661
311296
309934
308577
307224
305876
304530
303190
301853
300519
299191
297868
296548
295232
293920
292613
291309
290011
288718
287427
286141
284860
283583
282311
281043
279780
278521
277266
276015
274770
273528
272292
271060
269833
268610
267391
266177
264967
263763
262563
261368
260177
258990
257809
256631
255459
254291
253128
251969
250815
249666
248520
247381
246246
245115
243989
242867
241750
240638
239531
238428
237330
236237
235148
234063
232984
231909
230839
229774
228713
227656
226604
225557
224515
223477
222444
221415
220391
219372
218356
217347
216341
215340
214344
213351
212364
211381
210403
209429
208460
207496
206535
205579
204628
203682
202739
201802
200869
199940
199015
198095
197179
196268
195362
194459
193561
192667
191778
190893
190012
189136
188264
187396
186532
185673
184818
183967
183121
182279
181441
180606
179777
178952
178130
177313
176500
175691
174886
174085
173288
172496
171707
170923
170142
169365
168592
167824
167060
166299
165542
164789
164040
163295
162554
161817
161083
160354
159628
158906
158188
157473
156762
156056
155352
154653
153957
153264
152577
151892
151211
150533
149859
149188
148522
147859
147199
146543
145891
145242
144596
143953
143315
142680
142048
141419
140795
140173
139554
138940
138328
137720
137115
136513
135915
135319
134728
134139
133554
132972
132393
131817
131243
130674
130108
129545
128984
128427
127872
127321
126773
126228
125687
125147
124611
124078
123547
123020
122496
121975
121456
120940
120427
119917
119410
118906
118405
117906
117410
116917
116426
115938
115453
114971
114491
114013
113539
113067
112599
112132
111669
111207
110749
110292
109838
109387
108939
108493
108050
107608
107169
106733
106300
105868
105440
105013
104589
104167
103747
103331
102916
102504
102094
101686
101280
100877
100476
100078
99681
99287
98895
98505
98117
97732
97348
96967
96588
96211
95836
95464
95093
94725
94358
93994
93632
93271
92913
92556
92202
91850
91499
91151
90804
90460
90117
89777
89438
89101
88767
88433
88102
87772
87445
87119
86795
86473
86152
85834
85518
85203
84890
84578
84269
83961
83654
83350
83047
82745
82446
82148
81852
81558
81265
80973
80684
80396
80110
79825
79541
79260
78980
78701
78424
78148
77875
77603
77332
77062
76794
76528
76263
76000
75738
75477
75218
74960
74704
74449
74195
73944
73693
73444
73196
72949
72704
72461
72218
71977
71737
71498
71261
71025
70790
70557
70325
70095
69865
69637
69410
69184
68960
68737
68514
68294
68074
67855
67638
67422
67207
66994
66781
66570
66360
66151
65942
65736
65530
65325
65122
64919
64718
64518
64319
64121
63924
63728
63534
63340
63147
62955
62765
62575
62386
62199
62012
61826
61642
61458
61276
61094
60914
60734
60555
60377
60201
60025
59850
59676
59503
59331
59159
58989
58820
58651
58484
58317
58151
57986
57822
57659
57496
57335
57174
57015
56856
56698
56540
56384
56228
56074
55920
55766
55614
55463
55312
55162
55013
54864
54717
54570
54424
54279
54134
53990
53847
53705
53563
53422
53282
53143
53004
52867
52730
52593
52457
52322
52188
52054
51921
51789
51657
51526
51396
51267
51138
51010
50882
50755
50629
50503
50378
50254
50130
50007
49885
49763
49642
49521
49401
49282
49163
49045
48928
48811
48695
48579
48464
48349
48235
48122
48009
47896
47785
47674
47563
47453
47344
47235
47127
47019
46912
46805
46699
46593
46488
46383
46279
46176
46073
45971
45868
45767
45666
45566
45466
45366
45267
45169
45071
44973
44876
44780
44684
44588
44493
44399
44304
44211
44117
44025
43932
43840
43749
43658
43567
43478
43388
43299
43210
43122
43034
42947
42860
42773
42687
42601
42516
42431
42346
42262
42178
42095
42012
41930
41848
41766
41685
41604
41524
41444
41364
41284
41206
41127
41049
40971
40894
40817
40740
40664
40588
40512
40437
40362
40288
40213
40140
40066
39993
39921
39848
39776
39705
39633
39562
39491
39421
39351
39281
39212
39143
39074
39006
38938
38870
38803
38736
38669
38603
38537
38471
38405
38340
38275
38211
38146
38082
38019
37955
37892
37830
37767
37705
37643
37581
37520
37459
37398
37338
37277
37218
37158
37099
37040
36981
36922
36864
36806
36748
36691
36633
36576
36520
36464
36407
36352
36296
36241
36186
36131
36076
36022
35967
35914
35860
35807
35753
35701
35648
35596
35543
35491
35440
35388
35337
35286
35235
35185
35135
35084
35035
34985
34936
34887
34838
34789
34741
34692
34644
34596
34549
34501
34454
34407
34360
34314
34267
34221
34175
34130
34084
34039
33994
33949
33904
33860
33815
33771
33727
33683
33640
33597
33553
33511
33468
33425
33383
33341
33298
33257
33215
33174
33132
33091
33050
33010
32969
32929
32889
32849
32809
32769
32730
32690
32651
32612
32573
32535
32496
32458
32420
32382
32345
32307
32269
32232
32195
32158
32121
32084
32048
32012
31976
31940
31904
31868
31833
31797
31762
31727
31692
31657
31622
31588
31554
31519
31486
31452
31418
31384
31351
31318
31285
31251
31219
31186
31153
31121
31088
31056
31024
30993
30961
30929
30898
30867
30835
30804
30773
30742
30712
30681
30651
30620
30590
30560
30530
30501
30471
30442
30412
30383
30354
30325
30296
30267
30238
30210
30181
30153
30125
30097
30069
30041
30014
29986
29958
29931
29904
29877
29850
29823
29796
29769
29743
29716
29690
29664
29638
29612
29586
29560
29534
29509
29483
29458
29433
29408
29383
29358
29333
29308
29284
29259
29235
29210
29186
29162
29138
29114
29090
29066
29043
29019
28996
28973
28950
28926
28903
28880
28857
28835
28812
28789
28767
28745
28723
28700
28678
28656
28634
28612
28591
28569
28548
28526
28505
28483
28462
28441
28420
28399
28378
28358
28337
28316
28296
28275
28255
28235
28215
28194
28174
28154
28135
28115
28095
28076
28056
28037
28017
27998
27979
27960
27941
27922
27903
27884
27865
27846
27828
27809
27791
27772
27754
27736
27718
27700
27682
27664
27646
27628
27611
27593
27575
27558
27540
27523
27506
27488
27471
27454
27437
27420
27403
27387
27370
27353
27337
27320
27304
27287
27271
27255
27239
27222
27206
27190
27174
27158
27143
27127
27111
27096
27080
27065
27049
27034
27018
27003
26988
26973
26958
26943
26928
26913
26898
26883
26869
26854
26839
26825
26810
26796
26781
26767
26753
26739
26725
26710
26696
26683
26669
26655
26641
26627
26614
26600
26586
26573
26559
26546
26532
26519
26506
26493
26479
26466
26453
26440
26427
26414
26402
26389
26376
26363
26351
26338
26326
26313
26301
26288
26276
26263
26251
26239
26227
26215
26203
26191
26179
26167
26155
26143
26131
26120
26108
26096
26085
26073
26062
26050
26039
26027
26016
26005
25993
25982
25971
25960
25949
25938
25927
25916
25905
25894
25883
25873
25862
25851
25841
25830
25819
25809
25798
25788
25778
25767
25757
25747
25736
25726
25716
25706
25696
25686
25676
25666
25656
25646
25636
25626
25617
25607
25597
25588
25578
25568
25559
25549
25540
25530
25521
25512
25502
25493
25484
25475
25465
25456
25447
25438
25429
25420
25411
25402
25393
25384
25376
25367
25358
25349
25341
25332
25323
25315
25306
25298
25289
25281
25272
25264
25256
25247
25239
25231
25222
25214
25206
25198
25190
25182
25174
25166
25157
25150
25142
25134
25126
25118
25110
25103
25095
25087
25079
25072
25064
25057
25049
25041
25034
25027
25019
25012
25004
24997
24989
24982
24975
24968
24960
24953
24946
24939
24932
24925
24918
24911
24904
24897
24890
24883
24876
24869
24862
24855
24848
24842
24835
24828
24822
24815
24808
24802
24795
24789
24782
24775
24769
24762
24756
24750
24743
24737
24731
24724
24718
24712
24705
24699
24693
24687
24681
24675
24668
24662
24656
24650
24644
24638
24632
24626
24621
24614
24609
24603
24597
24591
24585
24580
24574
24568
24562
24557
24551
24545
24540
24534
24529
24523
24518
24512
24507
24501
24496
24490
24485
24479
24474
24469
24463
24458
24453
24448
24442
24437
24432
24427
24422
24416
24411
24406
24401
24396
24391
24386
24381
24376
24371
24366
24361
24356
24351
24346
24341
24337
24332
24327
24322
24317
24313
24308
24303
24298
24294
24289
24285
24280
24275
24271
24266
24261
24257
24253
24248
24243
24239
24235
24230
24226
24221
24217
24213
24208
24204
24199
24195
24191
24187
24182
24178
24174
24170
24165
24161
24157
24153
24149
24145
24141
24137
24132
24129
24124
24120
24116
24112
24108
24105
24101
24096
24093
24089
24085
24081
24077
24073
24069
24065
24062
24058
24054
24050
24047
24043
24039
24036
24032
24028
24024
24021
24017
24014
24010
24007
24003
23999
23996
23992
23989
23985
23982
23978
23975
23971
23968
23964
23961
23957
23954
23951
23947
23944
23941
23937
23934
23931
23927
23924
23921
23918
23914
23911
23908
23905
23902
23898
23895
23892
23889
23886
23882
23879
23876
23873
23870
23867
23864
23861
23858
23855
23852
23849
23846
23843
23840
23837
23834
23831
23828
23825
23822
23820
23817
23814
23811
23808
23805
23802
23799
23797
23794
23791
23788
23785
23783
23780
23777
23775
23772
23769
23766
23764
23761
23758
23756
23753
23751
23748
23745
23743
23740
23737
23735
23732
23730
23727
23725
23722
23720
23717
23715
23712
23710
23707
23705
23702
23700
23697
23695
23693
23690
23688
23685
23683
23681
23678
23676
23674
23671
23669
23667
23664
23662
23660
23657
23655
23653
23650
23648
23646
23644
23641
23639
23637
23635
23633
23631
23628
23626
23624
23622
23620
23618
23616
23614
23611
23609
23607
23605
23603
23601
23599
23597
23595
23593
23591
23588
23586
23584
23583
23580
23579
23577
23574
23573
23571
23569
23567
23565
23563
23561
23559
23557
23555
23554
23551
23550
23548
23546
23544
23542
23540
23538
23537
23535
23533
23531
23529
23527
23526
23524
23522
23521
23519
23517
23515
23514
23512
23510
23508
23507
23505
23503
23501
23500
23498
23496
23495
23493
23491
23490
23488
23486
23484
23483
23481
23480
23478
23477
23475
23473
23472
23470
23469
23467
23466
23464
23462
23461
23459
23458
23456
23455
23453
23452
23450
23449
23447
23446
23444
23443
23441
23439
23438
23437
23435
23434
23432
23431
23430
23428
23427
23425
23424
23423
23421
23420
23418
23417
23416
23414
23413
23411
23410
23409
23407
23406
23405
23403
23402
23400
23399
23398
23397
23395
23394
23393
23392
23390
23389
23388
23387
23385
23384
23383
23381
23380
23379
23378
23376
23375
23374
23373
23372
23370
23369
23368
23366
23365
23364
23363
23362
23361
23360
23358
23357
23356
23355
23354
23353
23352
23351
23349
23348
23347
23346
23345
23344
23343
23341
23340
23339
23338
23337
23336
23335
23334
23333
23332
23330
23329
23329
23327
23326
23325
23324
23323
23323
23321
23320
23319
23318
23317
23316
23315
23314
23313
23312
23311
23310
23309
23308
23307
23306
23305
23304
23303
23302
23301
23300
23299
23299
23297
23297
23296
23295
23294
23293
23292
23291
23290
23289
23288
23287
23286
23286
23285
23284
23283
23282
23281
23280
23279
23279
23277
23277
23276
23275
23274
23273
23272
23272
23271
23270
23269
23269
23268
23267
23266
23265
23264
23263
23263
23262
23261
23260
23259
23258
23258
23257
23256
23255
23254
23254
23253
23253
23252
23251
23250
23249
23249
23248
23247
23246
23246
23245
23244
23243
23242
23242
23241
23241
23240
23239
23238
23237
23237
23236
23235
23234
23234
23233
23233
23232
23231
