-1
-1
-1
-1
-1
-1
-1
-1
-1
-1
-1
-1
-1
-1
-1
-1
-1
-1
-1
-1
-1
-1
-1
-1
-1
-1
-1
-1
-1
-1
1
2
5
12
24
45
74
112
157
206
253
296
331
358
377
391
401
412
425
445
476
521
591
697
860
1096
1175
1251
1323
1389
1450
1505
1556
1600
1640
1675
1705
1731
1753
1772
1788
1801
1811
1820
1826
1832
1836
1839
1841
1843
1844
1844
1845
1845
1845
1845
1845
1846
1846
1846
1846
1841
1828
1807
1778
1744
1704
1660
1612
1562
1509
1455
1400
1345
1291
1237
1184
1132
1082
1033
987
942
899
859
820
784
749
717
686
658
631
606
582
561
540
521
504
488
473
459
446
435
424
415
406
398
391
385
380
375
371
368
365
363
362
361
361
362
363
364
366
369
372
376
381
386
391
397
404
411
419
427
436
446
456
467
478
490
502
516
529
544
559
575
591
608
625
643
662
681
701
722
743
765
787
809
832
856
880
905
930
955
981
1007
1033
1060
1088
1115
1144
1172
1201
1230
1260
1291
1322
1354
1386
1420
1454
1490
1527
1565
1605
1647
1692
1738
1788
1841
2140
2461
2782
3103
3423
3744
4065
4385
4706
5027
5347
5668
5989
6309
6630
6951
7271
7592
7913
8233
8554
8875
9195
9516
9837
10157
10478
10799
11119
11440
11761
12082
12402
12723
13044
13364
13685
14006
14326
14647
14968
15288
15609
15930
16250
16571
16892
17212
17533
17854
18174
18495
18816
19136
19457
19778
20099
20419
20740
21061
21381
21702
22223
22774
23333
23902
24481
25069
25666
26273
26890
27516
28152
28797
29452
30117
30791
31475
32168
32871
33583
34305
35036
35776
36526
37286
38054
38832
39619
40415
41220
42033
42856
43687
44527
45376
46233
47098
47972
48853
49743
50640
51545
52458
53378
54305
55239
56181
57129
58083
59045
60012
60985
61965
62950
63940
64936
65937
66943
67953
68968
69987
71010
72037
73067
74101
75138
76177
77219
78263
79310
80358
81408
82459
83511
84564
85617
86671
87724
88777
89830
90882
91932
92981
94029
95074
96117
97158
98196
99231
100263
101290
102314
103334
104350
105360
106366
107366
108361
109350
110333
111309
112279
113242
114198
115147
116088
117021
117947
118863
119772
120671
121561
122442
123314
124176
125028
125870
126702
127523
128334
129133
129922
130699
131465
132219
132962
133693
134412
135118
135813
136495
137164
137821
138465
139096
139714
140319
140911
141490
142055
142607
143146
143671
144183
144681
145166
145638
146095
146539
146970
147387
147790
148180
148556
148919
149269
149605
149928
150238
150534
150818
151089
151346
151591
151824
152043
152251
152446
152629
152800
152960
153108
153244
153369
153484
153587
153680
153763
153835
153898
153951
153995
154030
154057
154076
154087
154091
154090
154086
154079
154068
154054
154035
154013
153987
153958
153925
153889
153849
153805
153758
153707
153653
153595
153533
153468
153400
153328
153253
153174
153092
153006
152917
152825
152729
152630
152527
152421
152312
152200
152084
151965
151842
151717
151588
151456
151321
151182
151041
150897
150749
150598
150444
150287
150128
149965
149799
149630
149458
149283
149106
148925
148741
148555
148366
148174
147979
147782
147582
147379
147174
146965
146755
146541
146325
146106
145885
145662
145435
145207
144975
144742
144506
144268
144027
143784
143538
143291
143041
142789
142534
142278
142019
141758
141495
141230
140963
140694
140423
140149
139874
139597
139318
139037
138754
138470
138183
137895
137605
137313
137020
136725
136428
136130
135830
135528
135225
134920
134613
134306
133996
133686
133374
133060
132745
132429
132111
131793
131473
131151
130829
130505
130180
129854
129527
129198
128869
128538
128207
127874
127540
127206
126871
126534
126197
125859
125520
125180
124839
124498
124156
123813
123470
123125
122780
122435
122088
121742
121394
121046
120697
120348
119999
119649
119298
118947
118596
118244
117892
117540
117187
116834
116480
116127
115773
115418
115064
114709
114355
113999
113644
113289
112934
112578
112223
111867
111511
111156
110800
110444
110089
109733
109378
109022
108667
108312
107956
107602
107246
106892
106537
106183
105829
105475
105122
104768
104415
104062
103710
103358
103006
102654
102303
101952
101602
101252
100903
100553
100205
99857
99509
99161
98815
98468
98123
97777
97432
97088
96744
96401
96059
95717
95375
95034
94694
94355
94016
93677
93340
93003
92666
92331
91996
91661
91328
90995
90663
90332
90001
89671
89342
89013
88686
88359
88033
87708
87383
87059
86737
86414
86093
85773
85453
85135
84817
84500
84183
83868
83554
83240
82927
82616
82305
81995
81685
81377
81070
80764
80458
80154
79850
79547
79245
78945
78645
78346
78048
77750
77455
77159
76865
76572
76280
75988
75698
75408
75120
74833
74546
74261
73976
73693
73410
73129
72848
72569
72290
72013
71736
71461
71186
70912
70640
70368
70098
69828
69560
69292
69025
68760
68495
68232
67969
67708
67447
67188
66929
66672
66415
66160
65906
65652
65400
65148
64898
64648
64400
64152
63906
63660
63416
63173
62930
62689
62448
62209
61971
61733
61497
61261
61027
60793
60561
60329
60099
59869
59641
59413
59186
58961
58736
58512
58290
58068
57847
57627
57409
57191
56974
56758
56543
56329
56116
55903
55692
55482
55273
55064
54857
54650
54445
54240
54036
53834
53632
53431
53231
53032
52833
52636
52440
52244
52050
51856
51663
51471
51280
51090
50901
50713
50525
50338
50153
49968
49784
49601
49419
49237
49057
48877
48698
48520
48343
48167
47992
47817
47643
47470
47298
47127
46956
46787
46618
46450
46283
46117
45951
45786
45622
45459
45297
45135
44974
44814
44655
44497
44339
44182
44026
43870
43716
43562
43409
43256
43105
42954
42804
42654
42506
42358
42211
42064
41919
41774
41629
41486
41343
41201
41059
40919
40778
40639
40500
40363
40225
40089
39953
39818
39683
39549
39416
39283
39152
39020
38890
38760
38631
38502
38374
38247
38120
37994
37869
37744
37620
37496
37374
37251
37130
37009
36888
36768
36649
36531
36413
36295
36178
36062
35947
35831
35717
35603
35490
35377
35265
35153
35042
34932
34822
34712
34604
34496
34388
34281
34174
34068
33962
33857
33753
33649
33546
33443
33340
33239
33137
33036
32936
32836
32737
32638
32540
32442
32345
32248
32152
32056
31961
31866
31772
31678
31585
31492
31399
31307
31216
31125
31034
30944
30854
30765
30676
30588
30500
30413
30326
30239
30153
30068
29983
29898
29813
29730
29646
29563
29480
29398
29316
29235
29154
29073
28993
28914
28834
28755
28677
28599
28521
28443
28367
28290
28214
28138
28063
27988
27913
27838
27765
27691
27618
27545
27473
27401
27329
27258
27187
27116
27046
26976
26906
26837
26768
26700
26632
26564
26496
26429
26362
26296
26230
26164
26098
26033
25969
25904
25840
25776
25713
25649
25586
25524
25462
25400
25338
25277
25216
25155
25094
25034
24975
24915
24856
24797
24738
24680
24622
24564
24507
24449
24393
24336
24279
24223
24168
24112
24057
24002
23947
23893
23839
23785
23731
23678
23625
23572
23520
23467
23415
23363
23312
23261
23210
23159
23108
23058
23008
22958
22909
22859
22810
22761
22713
22665
22617
22569
22521
22474
22427
22380
22333
22286
22240
22194
22148
22103
22058
22012
21967
21923
21878
21834
21790
21746
21703
21659
21616
21573
21530
21488
21445
21403
21361
21320
21278
21237
21196
21155
21114
21073
21033
20993
20953
20913
20873
20834
20795
20756
20717
20679
20640
20602
20564
20526
20488
20451
20413
20376
20339
20302
20266
20229
20193
20157
20121
20085
20049
20014
19979
19943
19909
19874
19839
19805
19771
19736
19702
19669
19635
19602
19568
19535
19502
19469
19437
19404
19372
19339
19307
19276
19244
19212
19181
19149
19118
19087
19056
19025
18995
18964
18934
18904
18874
18844
18814
18785
18755
18726
18697
18668
18639
18610
18581
18553
18524
18496
18468
18440
18412
18384
18357
18329
18302
18275
18248
18221
18194
18167
18140
18114
18088
18061
18035
18009
17984
17958
17932
17907
17881
17856
17831
17806
17781
17756
17731
17707
17682
17658
17634
17609
17585
17561
17538
17514
17490
17467
17443
17420
17397
17374
17351
17328
17305
17283
17260
17238
17215
17193
17171
17149
17127
17105
17084
17062
17040
17019
16998
16976
16955
16934
16913
16892
16872
16851
16830
16810
16789
16769
16749
16729
16709
16689
16669
16649
16629
16610
16590
16571
16552
16532
16513
16494
16475
16456
16437
16419
16400
16382
16363
16345
16326
16308
16290
16272
16254
16236
16218
16200
16183
16165
16148
16130
16113
16096
16078
16061
16044
16027
16010
15993
15977
15960
15943
15927
15910
15894
15878
15861
15845
15829
15813
15797
15781
15765
15750
15734
15718
15703
15687
15672
15656
15641
15626
15611
15596
15581
15566
15551
15536
15521
15507
15492
15477
15463
15449
15434
15420
15406
15391
15377
15363
15349
15335
15322
15308
15294
15280
15267
15253
15239
15226
15213
15199
15186
15173
15160
15147
15133
15120
15107
15095
15082
15069
15056
15044
15031
15018
15006
14993
14981
14969
14956
14944
14932
14920
14908
14896
14884
14872
14860
14848
14836
14825
14813
14801
14790
14778
14767
14755
14744
14733
14721
14710
14699
14688
14677
14666
14655
14644
14633
14622
14611
14600
14590
14579
14568
14558
14547
14537
14526
14516
14506
14495
14485
14475
14465
14454
14444
14434
14424
14414
14404
14394
14385
14375
14365
14355
14346
14336
14326
14317
14307
14298
14288
14279
14270
14260
14251
14242
14233
14223
14214
14205
14196
14187
14178
14169
14160
14152
14143
14134
14125
14116
14108
14099
14090
14082
14073
14065
14056
14048
14040
14031
14023
14015
14006
13998
13990
13982
13974
13966
13958
13950
13942
13934
13926
13918
13910
13902
13894
13887
13879
13871
13864
13856
13848
13841
13833
13826
13818
13811
13804
13796
13789
13781
13774
13767
13760
13752
13745
13738
13731
13724
13717
13710
13703
13696
13689
13682
13675
13668
13662
13655
13648
13641
13635
13628
13621
13615
13608
13602
13595
13589
13582
13576
13569
13563
13556
13550
13544
13537
13531
13525
13519
13512
13506
13500
13494
13488
13482
13476
13470
13464
13458
13452
13446
13440
13434
13428
13422
13417
13411
13405
13399
13394
13388
13382
13377
13371
13365
13360
13354
13349
13343
13338
13332
13327
13322
13316
13311
13305
13300
13295
13289
13284
13279
13274
13269
13263
13258
13253
13248
13243
13238
13233
13228
13223
13218
13213
13208
13203
13198
13193
13188
13183
13178
13174
13169
13164
13159
13155
13150
13145
13141
13136
13131
13127
13122
13117
13113
13108
13104
13099
13095
13090
13086
13081
13077
13073
13068
13064
13060
13055
13051
13047
13042
13038
13034
13030
13025
13021
13017
13013
13009
13005
13000
12996
12992
12988
12984
12980
12976
12972
12968
12964
12960
12956
12953
12949
12945
12941
12937
12933
12929
12925
12922
12918
12914
12910
12907
12903
12899
12896
12892
12888
12885
12881
12877
12874
12870
12867
12863
12860
12856
12852
12849
12846
12842
12839
12835
12832
12828
12825
12822
12818
12815
12812
12808
12805
12802
12798
12795
12792
12788
12785
12782
12779
12776
12772
12769
12766
12763
12760
12757
12753
12750
12747
12744
12741
12738
12735
12732
12729
12726
12723
12720
12717
12714
12711
12708
12705
12702
12699
12697
12694
12691
12688
12685
12682
12680
12677
12674
12671
12668
12666
12663
12660
12657
12655
12652
12649
12647
12644
12641
12639
12636
12633
12631
12628
12626
12623
12620
12618
12615
12613
12610
12608
12605
12603
12600
12598
12595
12593
12590
12588
12585
12583
12580
12578
12576
12573
12571
12568
12566
12564
12561
12559
12557
12554
12552
12550
12547
12545
12543
12541
12538
12536
12534
12532
12529
12527
12525
12523
12521
12519
12516
12514
12512
12510
12508
12506
12503
12501
12499
12497
12495
12493
12491
12489
12487
12485
12483
12481
12479
12477
12475
12473
12471
12469
12467
12465
12463
12461
12459
12457
12455
12453
12451
12449
12448
12446
12444
12442
12440
12438
12436
12435
12433
12431
12429
12427
12425
12424
12422
12420
12418
12417
12415
12413
12411
12410
12408
12406
12404
12403
12401
12399
12397
12396
12394
12392
12391
12389
12388
12386
12384
12383
12381
12379
12378
12376
12375
12373
12371
12370
12368
12367
12365
12363
12362
12360
12359
12357
12356
12354
12353
12351
12350
12348
12347
12345
12344
12342
12341
12339
12338
12336
12335
12333
12332
12331
12329
12328
12326
12325
12324
12322
12321
12319
12318
12317
12315
12314
12313
12311
12310
12308
12307
12306
12304
12303
12302
12301
12299
12298
12297
12295
12294
12293
12292
12290
12289
12288
12286
12285
12284
12283
12281
12280
12279
12278
12277
12275
12274
12273
12272
12271
12269
12268
12267
12266
12265
12264
12262
12261
12260
12259
12258
12257
12255
12254
12253
12252
12251
12250
12249
12248
12247
12245
12244
12243
12242
12241
12240
12239
12238
12237
12236
12235
12234
12233
12232
12231
12230
12229
12228
12227
12225
12224
12224
12223
12221
12221
12220
12219
12218
12217
12216
12215
12214
12213
12212
12211
12210
12209
12208
12207
12206
12205
12204
12203
12202
12201
12200
12200
12199
12198
12197
12196
12195
12194
12193
12192
12192
12191
12190
12189
12188
12187
12186
12185
12185
12184
12183
12182
12181
12180
12179
12179
12178
12177
12176
12175
12175
12174
12173
12172
12171
12171
12170
12169
12168
12167
12167
12166
12165
12164
12164
12163
12162
12161
12161
12160
12159
12158
12157
12157
12156
12155
12155
12154
12153
12152
12152
12151
12150
12149
12149
12148
12147
12147
12146
12145
12145
12144
12143
12143
12142
12141
12140
12140
12139
12138
12138
12137
12136
12136
12135
12134
12134
12133
12132
12132
12131
12131
12130
12129
12129
12128
12127
12127
12126
12126
12125
12124
12124
12123
12122
12122
12121
12121
12120
12119
12119
12118
12118
12117
12116
12116
12115
12115
12114
12114
12113
12112
12112
12111
12111
12110
12110
12109
12108
12108
12107
12107
12106
12106
12105
12105
12104
12104
12103
12102
12102
12102
12101
12100
12100
12099
12099
12098
12098
12097
12097
12096
12096
12095
12095
12094
12094
12093
12093
12092
12092
12091
12091
12090
12090
12089
12089
12089
12088
12088
12087
12087
12086
12086
12085
12085
12084
12084
12083
12083
12082
12082
12082
12081
12081
12080
12080
12079
12079
12079
12078
12078
12077
12077
12076
12076
12076
12075
12075
12074
12074
12073
12073
12073
12072
12072
12071
12071
12071
12070
12070
12069
12069
12069
12068
12068
12068
12067
12067
12066
12066
12065
12065
12065
12064
12064
12064
12063
12063
12062
12062
12062
12061
12061
12061
12060
12060
12060
12059
12059
12058
12058
12058
12057
12057
12057
12056
12056
12056
12055
12055
12055
12054
12054
12054
12053
12053
12053
12052
12052
12052
12051
12051
12051
12050
12050
12050
12049
12049
12049
12048
12048
12048
12047
12047
12047
12047
12046
12046
12046
12045
12045
12045
12044
12044
12044
12043
12043
12043
12043
12042
12042
12042
12041
12041
12041
12041
12040
12040
12040
12040
