-1
-1
-1
-1
-1
-1
-1
-1
-1
-1
-1
-1
-1
-1
-1
-1
-1
-1
-1
-1
-1
-1
-1
-1
-1
-1
-1
-1
-1
-1
1
3
7
16
30
53
84
124
170
217
263
304
337
362
379
392
402
413
427
449
480
529
602
714
887
1113
1223
1330
1432
1529
1620
1703
1780
1849
1911
1965
2013
2054
2090
2119
2145
2165
2182
2196
2207
2215
2222
2227
2230
2233
2235
2236
2237
2237
2238
2238
2238
2238
2238
2238
2238
2232
2216
2191
2157
2116
2068
2015
1958
1897
1834
1769
1703
1637
1572
1507
1443
1381
1320
1262
1206
1152
1101
1052
1005
962
920
881
844
810
777
747
719
692
668
645
624
604
586
570
555
541
528
516
506
497
488
481
475
469
465
461
458
456
454
454
454
455
456
458
461
465
469
474
480
486
494
501
510
519
529
540
551
563
576
589
604
619
635
651
668
686
705
725
745
766
788
811
834
858
882
908
934
960
988
1015
1044
1073
1102
1132
1163
1194
1225
1257
1290
1323
1356
1390
1424
1459
1494
1530
1567
1604
1643
1682
1722
1763
1806
1850
1896
1944
1994
2047
2103
2163
2226
2300
2378
2459
2542
2627
2716
2806
2900
2996
3096
3198
3304
3412
3524
3639
3758
3880
4005
4134
4267
4404
4545
4689
4838
4991
5149
5311
5477
5648
5824
6004
6190
6381
6576
6778
6984
7197
7414
7638
7868
8103
8345
8594
8848
9110
9378
9652
9934
10223
10520
10823
11135
11454
11781
12116
12459
12810
13170
13539
13916
14303
14698
15103
15517
15941
16375
16818
17272
17736
18210
18695
19191
19698
20215
20744
21284
21835
22397
22969
23552
24146
24751
25367
25994
26632
27282
27943
28616
29300
29996
30704
31423
32154
32897
33652
34419
35197
35988
36791
37606
38433
39272
40123
40987
41863
42750
43650
44562
45487
46423
47372
48332
49305
50290
51287
52295
53316
54348
55392
56448
57516
58595
59685
60787
61900
63024
64160
65306
66463
67631
68809
69998
71197
72406
73626
74855
76094
77342
78600
79867
81142
82427
83720
85022
86331
87649
88975
90308
91648
92995
94350
95710
97078
98451
99830
101215
102605
104000
105399
106804
108212
109625
111041
112460
113883
115308
116736
118166
119598
121031
122466
123901
125338
126774
128211
129647
131082
132516
133950
135381
136811
138238
139662
141084
142502
143917
145328
146734
148136
149533
150925
152311
153691
155065
156433
157793
159147
160493
161831
163161
164482
165795
167099
168393
169678
170953
172218
173472
174715
175948
177169
178378
179576
180761
181934
183094
184242
185376
186497
187605
188699
189778
190844
191895
192931
193953
194960
195951
196927
197888
198833
199762
200675
201572
202453
203318
204166
204997
205812
206610
207391
208155
208902
209632
210345
211041
211720
212381
213025
213652
214261
214854
215428
215986
216526
217050
217556
218044
218516
218971
219409
219830
220234
220622
220993
221348
221686
222008
222314
222605
222879
223138
223382
223611
223824
224023
224208
224378
224534
224676
224804
224920
225022
225112
225190
225256
225310
225353
225385
225407
225420
225424
225423
225417
225406
225389
225367
225341
225308
225271
225228
225180
225128
225069
225006
224938
224864
224786
224703
224614
224520
224422
224319
224210
224097
223978
223855
223727
223594
223456
223313
223165
223013
222856
222694
222528
222356
222181
222000
221815
221625
221431
221233
221029
220821
220609
220392
220171
219946
219716
219482
219243
219001
218754
218503
218247
217988
217724
217457
217185
216909
216629
216346
216058
215766
215471
215171
214869
214562
214251
213937
213619
213297
212972
212643
212311
211975
211636
211293
210947
210598
210244
209889
209529
209166
208800
208431
208059
207684
207306
206924
206540
206153
205763
205369
204973
204574
204173
203769
203362
202952
202540
202125
201707
201287
200865
200440
200013
199583
199151
198716
198279
197840
197399
196956
196510
196063
195613
195162
194708
194252
193794
193335
192874
192410
191945
191478
191011
190540
190068
189595
189120
188643
188165
187686
187205
186722
186238
185753
185267
184779
184290
183800
183308
182815
182322
181827
181331
180834
180336
179837
179337
178836
178335
177832
177329
176825
176320
175815
175309
174801
174294
173786
173277
172768
172258
171748
171237
170726
170214
169702
169190
168677
168164
167651
167137
166624
166110
165595
165082
164567
164053
163538
163023
162509
161995
161480
160965
160451
159937
159423
158909
158395
157881
157368
156854
156341
155829
155316
154804
154293
153781
153270
152759
152249
151740
151230
150722
150213
149706
149199
148692
148186
147680
147176
146671
146168
145665
145162
144661
144160
143660
143161
142662
142165
141668
141171
140676
140181
139688
139195
138703
138212
137722
137233
136745
136257
135771
135286
134801
134318
133836
133354
132874
132395
131917
131439
130964
130488
130015
129542
129071
128600
128131
127663
127196
126730
126265
125802
125340
124878
124419
123960
123502
123047
122592
122138
121686
121234
120785
120336
119889
119443
118998
118555
118113
117672
117233
116795
116358
115923
115489
115056
114625
114195
113766
113339
112913
112489
112066
111644
111224
110805
110387
109971
109556
109143
108731
108321
107912
107504
107098
106693
106290
105888
105487
105088
104691
104294
103900
103506
103114
102724
102335
101948
101561
101176
100793
100411
100031
99652
99275
98898
98524
98151
97779
97409
97040
96672
96307
95942
95579
95218
94857
94499
94141
93785
93431
93078
92727
92376
92028
91680
91335
90990
90647
90306
89965
89627
89290
88954
88619
88286
87954
87624
87295
86968
86642
86317
85994
85672
85352
85033
84715
84399
84084
83770
83458
83147
82838
82529
82223
81917
81613
81311
81009
80709
80410
80113
79817
79523
79229
78937
78647
78357
78069
77782
77497
77213
76930
76648
76368
76089
75812
75535
75260
74986
74713
74442
74172
73903
73636
73369
73104
72840
72578
72316
72056
71797
71540
71283
71028
70773
70521
70269
70018
69769
69521
69274
69028
68784
68540
68298
68057
67817
67578
67341
67104
66869
66634
66401
66169
65938
65709
65480
65252
65026
64800
64576
64353
64131
63910
63690
63471
63254
63037
62821
62606
62393
62180
61969
61758
61549
61341
61134
60927
60722
60517
60314
60112
59910
59710
59511
59312
59115
58919
58723
58529
58335
58143
57951
57761
57571
57382
57194
57007
56822
56636
56452
56269
56087
55906
55725
55546
55367
55189
55012
54836
54661
54487
54313
54141
53969
53799
53629
53459
53291
53124
52957
52792
52627
52463
52299
52137
51975
51815
51654
51495
51337
51179
51022
50867
50711
50557
50403
50250
50098
49947
49796
49646
49497
49348
49201
49054
48908
48763
48618
48474
48331
48188
48046
47905
47765
47625
47486
47348
47210
47073
46937
46802
46667
46533
46399
46267
46135
46003
45872
45742
45613
45484
45356
45228
45101
44975
44849
44724
44600
44476
44353
44230
44108
43987
43866
43746
43627
43508
43390
43272
43155
43038
42922
42807
42692
42578
42465
42351
42239
42127
42016
41905
41795
41685
41576
41467
41359
41251
41144
41038
40932
40827
40722
40617
40514
40410
40308
40205
40103
40002
39901
39801
39701
39602
39503
39405
39307
39210
39113
39017
38921
38826
38731
38636
38542
38449
38356
38263
38171
38079
37988
37897
37807
37717
37627
37539
37450
37362
37274
37187
37100
37014
36928
36842
36757
36672
36588
36504
36421
36338
36255
36173
36091
36010
35929
35848
35768
35688
35608
35529
35451
35373
35295
35217
35140
35063
34987
34911
34835
34760
34685
34610
34536
34462
34389
34316
34243
34171
34099
34027
33956
33885
33814
33744
33674
33604
33535
33466
33397
33329
33261
33193
33126
33059
32992
32926
32860
32794
32729
32664
32599
32535
32470
32407
32343
32280
32217
32154
32092
32030
31968
31907
31846
31785
31724
31664
31604
31545
31485
31426
31367
31309
31250
31192
31135
31077
31020
30963
30907
30850
30794
30738
30683
30627
30573
30518
30463
30409
30355
30301
30248
30195
30142
30089
30036
29984
29932
29880
29829
29778
29727
29676
29625
29575
29525
29475
29426
29376
29327
29278
29229
29181
29133
29085
29037
28989
28942
28895
28848
28802
28755
28709
28663
28617
28571
28526
28481
28436
28391
28347
28302
28258
28214
28170
28127
28084
28041
27998
27955
27912
27870
27828
27786
27744
27703
27662
27620
27579
27538
27498
27458
27417
27377
27337
27298
27258
27219
27180
27141
27102
27064
27025
26987
26949
26911
26873
26836
26798
26761
26724
26687
26650
26614
26577
26541
26505
26469
26434
26398
26363
26327
26292
26257
26222
26188
26154
26119
26085
26051
26017
25984
25950
25917
25883
25850
25818
25785
25752
25720
25687
25655
25623
25591
25559
25528
25496
25465
25434
25403
25372
25341
25311
25280
25249
25219
25189
25159
25129
25100
25070
25041
25012
24982
24953
24924
24896
24867
24838
24810
24782
24754
24726
24698
24670
24642
24615
24587
24560
24533
24506
24479
24452
24425
24399
24372
24346
24320
24294
24268
24242
24216
24190
24165
24139
24114
24089
24064
24039
24014
23989
23964
23940
23915
23891
23867
23843
23819
23795
23771
23747
23724
23700
23677
23653
23630
23607
23584
23561
23538
23516
23493
23471
23448
23426
23404
23382
23360
23338
23316
23294
23273
23251
23229
23208
23187
23166
23145
23124
23103
23082
23061
23041
23020
22999
22979
22959
22939
22919
22899
22879
22859
22839
22819
22800
22780
22761
22742
22722
22703
22684
22665
22646
22627
22608
22590
22571
22553
22534
22516
22497
22479
22461
22443
22425
22407
22389
22371
22354
22336
22319
22301
22284
22267
22249
22232
22215
22198
22181
22164
22147
22131
22114
22097
22081
22064
22048
22032
22015
21999
21983
21967
21951
21935
21919
21904
21888
21872
21857
21841
21826
21810
21795
21780
21765
21750
21735
21720
21705
21690
21675
21660
21646
21631
21616
21602
21587
21573
21559
21544
21530
21516
21502
21488
21474
21460
21446
21432
21419
21405
21392
21378
21364
21351
21338
21324
21311
21298
21285
21272
21258
21245
21233
21220
21207
21194
21181
21169
21156
21143
21131
21118
21106
21094
21081
21069
21057
21045
21032
21020
21008
20996
20984
20973
20961
20949
20937
20926
20914
20902
20891
20879
20868
20857
20845
20834
20823
20811
20800
20789
20778
20767
20756
20745
20734
20723
20713
20702
20691
20681
20670
20659
20649
20638
20628
20618
20607
20597
20587
20576
20566
20556
20546
20536
20526
20516
20506
20496
20486
20476
20467
20457
20447
20437
20428
20418
20409
20399
20390
20380
20371
20361
20352
20343
20334
20325
20315
20306
20297
20288
20279
20270
20261
20252
20243
20235
20226
20217
20208
20200
20191
20182
20174
20165
20157
20148
20140
20131
20123
20115
20106
20098
20090
20081
20073
20065
20057
20049
20041
20033
20025
20017
20009
20001
19993
19986
19978
19970
19962
19955
19947
19939
19932
19924
19917
19909
19901
19894
19887
19879
19872
19865
19857
19850
19843
19836
19828
19821
19814
19807
19800
19793
19786
19779
19772
19765
19758
19751
19744
19738
19731
19724
19717
19711
19704
19697
19691
19684
19677
19671
19664
19658
19651
19645
19639
19632
19626
19619
19613
19607
19601
19594
19588
19582
19576
19570
19563
19557
19551
19545
19539
19533
19527
19521
19515
19510
19504
19498
19492
19486
19480
19475
19469
19463
19458
19452
19446
19441
19435
19429
19424
19418
19413
19407
19402
19396
19391
19385
19380
19375
19369
19364
19359
19354
19348
19343
19338
19333
19327
19322
19317
19312
19307
19302
19297
19292
19287
19282
19277
19272
19267
19262
19257
19252
19248
19243
19238
19233
19228
19224
19219
19214
19209
19205
19200
19195
19191
19186
19182
19177
19172
19168
19163
19159
19154
19150
19145
19141
19137
19132
19128
19123
19119
19115
19110
19106
19102
19098
19093
19089
19085
19081
19077
19072
19068
19064
19060
19056
19052
19048
19044
19040
19036
19032
19028
19024
19020
19016
19012
19008
19004
19000
18996
18993
18989
18985
18981
18977
18974
18970
18966
18962
18959
18955
18951
18948
18944
18940
18937
18933
18930
18926
18922
18919
18915
18912
18908
18905
18901
18898
18895
18891
18888
18884
18881
18877
18874
18871
18867
18864
18861
18857
18854
18851
18848
18844
18841
18838
18835
18831
18828
18825
18822
18819
18816
18812
18809
18806
18803
18800
18797
18794
18791
18788
18785
18782
18779
18776
18773
18770
18767
18764
18761
18758
18755
18752
18749
18747
18744
18741
18738
18735
18732
18730
18727
18724
18721
18719
18716
18713
18710
18708
18705
18702
18700
18697
18694
18692
18689
18686
18684
18681
18678
18676
18673
18671
18668
18666
18663
18661
18658
18655
18653
18651
18648
18646
18643
18641
18638
18636
18633
18631
18628
18626
18624
18621
18619
18617
18614
18612
18610
18607
18605
18603
18600
18598
18596
18594
18591
18589
18587
18585
18582
18580
18578
18576
18574
18571
18569
18567
18565
18563
18561
18559
18556
18554
18552
18550
18548
18546
18544
18542
18540
18538
18536
18534
18532
18530
18528
18526
18523
18522
18520
18518
18516
18514
18512
18510
18508
18506
18504
18502
18500
18498
18497
18495
18493
18491
18489
18487
18485
18483
18482
18480
18478
18476
18474
18473
18471
18469
18467
18466
18464
18462
18460
18459
18457
18455
18454
18452
18450
18448
18446
18445
18443
18442
18440
18438
18437
18435
18433
18432
18430
18428
18427
18425
18424
18422
18421
18419
18417
18416
18414
18413
18411
18410
18408
18406
18405
18403
18402
18400
18399
18397
18396
18394
18393
18391
18390
18389
18387
18386
18384
18383
18381
18380
18378
18377
18376
18374
18373
18371
18370
18369
18367
18366
18365
18363
18362
18361
18359
18358
18356
18355
18354
18352
18351
18350
18349
18347
18346
18345
18343
18342
18341
18340
18338
18337
18336
18335
18333
18332
18331
18330
18328
18327
18326
18325
18324
18322
18321
18320
18319
18317
18316
18315
18314
18313
18312
18310
18309
18308
18307
18306
18305
18304
18302
18301
18300
18299
18298
18297
18296
18295
18294
18292
18291
18290
18289
18288
18287
18286
18285
18284
18283
18282
18281
18280
18279
18278
18277
18276
18275
18274
18273
18272
18271
18270
18269
18268
18267
18266
18265
18264
18263
18262
18261
18260
18259
18258
18257
18256
18255
18254
18253
18252
18251
18251
18250
18249
18248
18247
18246
18245
18244
18243
18242
18242
18241
18240
18239
18238
18237
18236
18235
18235
18234
18233
18232
18231
18230
18229
18229
18228
18227
18226
18225
18224
18224
18223
18222
18221
18221
18220
18219
18218
18217
18217
18216
18215
18214
18213
18213
18212
18211
18210
18210
18209
18208
18207
18206
18206
18205
18204
18204
18203
18202
18201
18201
18200
18199
18198
18198
18197
18196
18195
18195
18194
18193
18193
18192
18191
18191
18190
18189
18189
18188
18187
18187
18186
18185
18185
18184
18183
18183
18182
18181
18181
18180
18179
18179
18178
18178
18177
18176
18176
18175
18174
18174
18173
18172
18172
18171
18171
18170
18169
18169
18168
18168
18167
18166
18166
18165
18165
18164
18164
18163
18162
18162
18161
18161
18160
18160
18159
18158
18158
18157
18157
18156
18156
18155
18154
18154
18153
18153
18152
18152
18151
18151
18150
18150
18149
18149
18148
18148
18147
18147
