212
240
269
301
335
370
407
446
486
527
570
613
656
700
745
789
833
877
920
963
1005
1046
1086
1125
1163
1201
1237
1273
1307
1342
1375
1408
1442
1476
1519
1583
1678
1824
2043
2374
2881
3671
4842
6308
8103
10268
12843
15862
19353
23337
27823
32812
38293
44242
50624
57393
64494
71864
79431
87122
94861
102571
110178
117612
124808
131710
138267
144439
150194
155509
160372
164776
168724
172226
175296
177956
180229
182146
183735
185029
186061
186864
187470
187912
188219
188420
188541
188605
188632
188640
188640
188538
188257
187831
187293
186672
185995
185286
184566
183856
183173
182531
181945
181426
180983
180626
180360
180191
180124
180161
180305
180556
180916
181383
181956
182635
183418
184304
185289
186372
187552
188692
189054
189417
189782
190148
190515
190884
191254
191625
191998
192372
192748
193124
193503
193883
194264
194647
195031
195417
195804
196193
196583
196975
197369
197764
198161
198559
198959
199360
199763
200168
200575
200983
201393
201804
202218
202633
203050
203468
203889
204311
204735
205162
205590
206019
206451
206885
207321
207759
208198
208640
209084
209530
209978
210428
210880
211335
211792
212251
212712
213175
213641
214109
214580
215053
215528
216006
216486
216969
217454
217942
218433
218926
219422
219920
220422
220926
221433
221943
222456
222971
223490
224012
224537
225065
225596
226131
226669
227210
227755
228303
228854
229409
229968
230530
231097
231667
232241
232818
233400
233986
234577
235171
235770
236373
236981
237593
238211
238832
239459
240091
240728
241370
242018
242671
243330
243994
244664
245341
246023
246712
247407
248109
248818
249534
250257
250987
251726
252472
253226
253989
254760
255540
256330
257129
257938
258757
259587
260428
261280
262145
263022
263912
264815
265733
266666
267614
268579
269561
270561
271581
272621
273683
274768
275877
277014
278179
279374
280603
281869
283175
284524
285923
287377
288893
290480
292150
293917
295802
297832
299929
302018
304098
306168
308229
310279
312318
314346
316362
318365
320355
322331
324292
326239
328170
330084
331981
333861
335722
337564
339386
341187
342966
344723
346456
348165
349849
351506
353136
354738
356309
357850
359358
360833
362272
363674
365038
366361
367641
368875
370062
371198
372280
373303
374262
375152
375964
376690
377311
377802
378087
382795
387626
392499
397414
402372
407372
412415
417500
422628
427798
433010
438265
443563
448903
454285
459710
465176
470685
476236
481829
487464
493140
498858
504618
510419
516261
522144
528068
534033
540038
546084
552169
558295
564460
570665
576909
583192
589514
595874
602272
608708
615181
621691
628239
634822
641442
648098
654789
661515
668275
675070
681898
688760
695654
702581
709540
716529
723550
730602
737683
744793
751932
759099
766294
773516
780765
788039
795338
802662
810010
817381
824775
832190
839627
847084
854561
862057
869571
877103
884651
892216
899795
907389
914996
922616
930248
937891
945544
953206
960877
968555
976239
983929
991624
999323
1007024
1014727
1022431
1030135
1037838
1045538
1053235
1060928
1068616
1076298
1083972
1091638
1099294
1106940
1114574
1122195
1129802
1137395
1144971
1152530
1160071
1167592
1175093
1182571
1190027
1197459
1204865
1212245
1219597
1226920
1234213
1241475
1248704
1255900
1263061
1270185
1277272
1284321
1291330
1298298
1305224
1312106
1318944
1325736
1332480
1339176
1345823
1352419
1358962
1365453
1371889
1378269
1384592
1390857
1397063
1403208
1409291
1415311
1421267
1427157
1432981
1438737
1444424
1450040
1455586
1461058
1466457
1471782
1477030
1482201
1487293
1492307
1497239
1502091
1506859
1511543
1516143
1520656
1525082
1529421
1533669
1537828
1541896
1545871
1549753
1553540
1557232
1560828
1564327
1567727
1571028
1574229
1577329
1580327
1583222
1586013
1588699
1591280
1593754
1596120
1598378
1600527
1602566
1604493
1606309
1608011
1609600
1611073
1612431
1613671
1614794
1615797
1616680
1617440
1618077
1618587
1618970
1619220
1619332
1619331
1619290
1619206
1619083
1618919
1618713
1618465
1618176
1617846
1617477
1617071
1616622
1616133
1615602
1615034
1614424
1613775
1613085
1612357
1611591
1610783
1609939
1609053
1608129
1607167
1606166
1605127
1604046
1602931
1601777
1600587
1599358
1598093
1596789
1595448
1594072
1592659
1591209
1589723
1588202
1586642
1585048
1583420
1581755
1580055
1578320
1576549
1574745
1572910
1571037
1569133
1567194
1565221
1563218
1561180
1559110
1557008
1554874
1552706
1550508
1548279
1546018
1543728
1541405
1539053
1536672
1534259
1531814
1529344
1526844
1524315
1521756
1519173
1516558
1513918
1511249
1508554
1505830
1503082
1500307
1497503
1494678
1491824
1488947
1486039
1483112
1480161
1477185
1474183
1471161
1468114
1465045
1461952
1458837
1455700
1452541
1449363
1446161
1442938
1439694
1436433
1433149
1429844
1426522
1423180
1419820
1416437
1413038
1409623
1406190
1402739
1399270
1395786
1392283
1388765
1385231
1381682
1378116
1374534
1370940
1367328
1363705
1360065
1356412
1352747
1349067
1345375
1341671
1337953
1334224
1330483
1326732
1322969
1319195
1315408
1311613
1307807
1303990
1300165
1296330
1292486
1288633
1284772
1280902
1277024
1273138
1269242
1265343
1261435
1257518
1253599
1249672
1245738
1241799
1237855
1233905
1229950
1225991
1222025
1218058
1214084
1210106
1206125
1202141
1198154
1194165
1190172
1186178
1182181
1178181
1174180
1170178
1166173
1162168
1158162
1154155
1150148
1146140
1142131
1138123
1134117
1130109
1126103
1122098
1118093
1114088
1110086
1106085
1102087
1098091
1094097
1090105
1086115
1082129
1078146
1074166
1070188
1066214
1062245
1058278
1054314
1050356
1046401
1042450
1038506
1034566
1030630
1026700
1022775
1018854
1014940
1011030
1007127
1003230
999339
995453
991574
987701
983836
979976
976124
972279
968440
964608
960783
956966
953157
949356
945562
941776
937998
934229
930468
926714
922970
919233
915505
911785
908076
904374
900680
896996
893323
889658
886002
882356
878720
875093
871475
867866
864268
860680
857102
853534
849976
846428
842891
839363
835846
832339
828843
825357
821882
818417
814963
811520
808087
804665
801254
797854
794466
791088
787721
784365
781022
777687
774366
771055
767756
764467
761191
757925
754672
751429
748200
744981
741772
738576
735392
732219
729059
725908
722770
719645
716530
713427
710336
707257
704190
701134
698090
695059
692038
689030
686033
683047
680074
677114
674165
671228
668302
665389
662486
659597
656719
653852
650998
648155
645325
642507
639700
636904
634122
631351
628592
625844
623108
620385
617672
614972
612283
609606
606940
604287
601646
599015
596397
593790
591195
588611
586039
583479
580930
578392
575866
573351
570849
568356
565876
563409
560950
558505
556070
553646
551234
548834
546444
544066
541699
539343
536997
534664
532341
530030
527730
525440
523161
520894
518636
516391
514155
511931
509717
507515
505322
503141
500970
498810
496660
494522
492392
490274
488166
486067
483982
481903
479840
477781
475737
473699
471676
469658
467656
465658
463673
461698
459733
457777
455832
453897
451970
450055
448149
446252
444365
442488
440619
438762
436912
435074
433243
431423
429612
427811
426018
424235
422460
420696
418940
417193
415455
413728
412006
410297
408594
406903
405216
403543
401875
400218
398567
396928
395295
393672
392057
390451
388853
387262
385681
384109
382544
380988
379439
377901
376368
374845
373329
371821
370322
368830
367346
365871
364403
362942
361490
360045
358608
357178
355756
354343
352936
351535
350145
348759
347384
346013
344652
343296
341950
340608
339276
337949
336630
335318
334013
332715
331424
330140
328863
327593
326329
325073
323824
322580
321344
320114
318890
317674
316464
315261
314064
312873
311689
310511
309339
308175
307015
305864
304716
303577
302441
301315
300192
299077
297966
296863
295764
294674
293586
292508
291432
290365
289301
288245
287192
286148
285108
284073
283044
282021
281004
279991
278985
277984
276987
275997
275011
274032
273057
272088
271124
270165
269211
268263
267320
266381
265448
264519
263597
262677
261766
260856
259953
259054
258161
257271
256388
255507
254634
253762
252898
252037
251182
250329
249483
248640
247802
246969
246141
245316
244496
243680
242870
242063
241260
240463
239668
238879
238094
237312
236535
235762
234994
234230
233468
232713
231959
231212
230466
229727
228989
228258
227528
226804
226082
225366
224652
223944
223237
222536
221837
221144
220452
219765
219081
218402
217725
217053
216384
215718
215056
214397
213743
213092
212443
211798
211157
210519
209885
209253
208626
208002
207381
206762
206148
205535
204928
204322
203721
203122
202527
201934
201345
200758
200176
199595
199018
198444
197874
197305
196741
196177
195618
195063
194509
193959
193411
192866
192324
191785
191249
190715
190184
189657
189131
188609
188088
187572
187057
186545
186036
185530
185025
184525
184026
183530
183036
182545
182056
181571
181086
180606
180127
179651
179177
178707
178238
177772
177307
176846
176386
175930
175475
175023
174573
174125
173680
173237
172796
172357
171921
171487
171055
170625
170197
169772
169349
168928
168509
168092
167678
167264
166855
166445
166040
165635
165233
164832
164435
164037
163644
163251
162861
162472
162087
161701
161319
160938
160560
160182
159808
159435
159063
158694
158326
157961
157597
157235
156875
156516
156159
155804
155451
155100
154750
154402
154056
153711
153369
153028
152688
152350
152013
151680
151347
151016
150686
150359
150032
149708
149384
149064
148743
148425
148107
147793
147478
147167
146855
146546
146238
145933
145628
145325
145023
144723
144424
144127
143831
143536
143244
142952
142662
142373
142085
141799
141515
141232
140950
140669
140391
140112
139836
139560
139287
139014
138743
138473
138205
137936
137671
137406
137143
136880
136620
136359
136102
135843
135588
135332
135079
134826
134575
134325
134076
133828
133582
133337
133092
132849
132607
132367
132127
131889
131651
131415
131180
130946
130712
130481
130250
130021
129792
129565
129338
129113
128888
128666
128443
128222
128001
127782
127564
127347
127131
126916
126701
126488
126277
126065
125855
125646
125438
125230
125024
124819
124615
124411
124208
124007
123806
123606
123408
123210
123013
122817
122622
122427
122234
122041
121850
121659
121470
121280
121092
120905
120719
120533
120348
120164
119982
119799
119618
119437
119258
119078
118901
118723
118547
118371
118196
118022
117849
117676
117504
117334
117163
116994
116825
116657
116490
116323
116158
115993
115829
115665
115502
115341
115179
115019
114859
114700
114541
114384
114226
114071
113914
113760
113605
113453
113299
113147
112995
112845
112695
112545
112397
112248
112101
111954
111808
111662
111517
111373
111230
111087
110944
110803
110661
110521
110381
110242
110103
109965
109828
109691
109555
109419
109284
109149
109016
108882
108750
108617
108486
108355
108225
108095
107966
107837
107709
107581
107455
107327
107202
107076
106952
106827
106704
106581
106458
106336
106214
106093
105972
105852
105733
105614
105495
105377
105260
105143
105026
104910
104795
104680
104565
104452
104338
104225
104112
104001
103889
103778
103667
103557
103447
103338
103229
103121
103013
102906
102799
102692
102587
102481
102376
102272
102167
102063
101960
101857
101755
101653
101551
101450
101349
101249
101149
101050
100951
100852
100754
100656
100559
100462
100365
100269
100173
100078
99983
99889
99794
99701
99607
99514
99422
99330
99238
99147
99056
98965
98875
98784
98695
98606
98517
98429
98341
98253
98166
98079
97992
97906
97821
97735
97650
97565
97480
97396
97313
97229
97146
97063
96981
96899
96817
96736
96655
96575
96495
96414
96334
96255
96176
96098
96019
95941
95863
95786
95709
95632
95556
95480
95404
95328
95253
95178
95103
95029
94955
94882
94809
94735
94663
94590
94518
94446
94375
94303
94232
94162
94091
94021
93951
93881
93812
93743
93675
93606
93538
93470
93402
93335
93268
93201
93135
93068
93003
92936
92871
92806
92741
92677
92612
92548
92484
92421
92357
92294
92231
92169
92106
92044
91982
91921
91859
91798
91737
91677
91616
91557
91496
91437
91378
91319
91260
91201
91143
91084
91026
90968
90911
90854
90796
90739
90683
90627
90570
90515
90459
90404
90348
90293
90238
90184
90129
90075
90022
89968
89914
89861
89808
89755
89702
89649
89597
89546
89494
89442
89390
89339
89288
89237
89187
89136
89086
89036
88986
88937
88887
88838
88789
88741
88692
88643
88595
88547
88499
88451
88404
88356
88309
88262
88216
88169
88123
88077
88031
87984
87939
87893
87848
87803
87758
87714
87668
87624
87580
87536
87492
87448
87405
87361
87319
87275
87232
87189
87147
87105
87062
87020
86978
86937
86895
86854
86813
86772
86730
86690
86649
86609
86568
86528
86489
86449
86409
86370
86330
86291
86252
86213
86174
86136
86097
86059
86021
85983
85945
85907
85870
85832
85795
85758
85721
85684
85648
85611
85575
85539
85502
85466
85431
85395
85359
85324
85289
85253
85219
85184
85149
85114
85080
85045
85011
84977
84943
84909
84876
84842
84809
84776
84742
84710
84676
84644
84611
84579
84546
84514
84482
84450
84418
84386
84354
84323
84292
84260
84229
84198
84167
84136
84106
84075
84044
84014
83984
83954
83923
83894
83864
83834
83805
83775
83746
83717
83688
83659
83630
83601
83573
83544
83516
83487
83459
83431
83403
83375
83347
83319
83292
83264
83237
83210
83183
83156
83129
83102
83075
83049
83022
82996
82969
82943
82917
82891
82865
82839
82814
82788
82762
82737
82711
82686
82661
82636
82611
82586
82561
82537
82512
82488
82463
82439
82415
82391
82366
82342
82319
82295
82271
82247
82224
82201
82178
82154
82131
82108
82085
82062
82039
82017
81994
81972
81949
81927
81905
81882
81860
81839
81816
81794
81773
81751
81730
81707
81686
81666
81644
81622
81601
81581
81559
81538
81518
81497
81476
81455
81435
81415
81395
81374
81354
81334
81314
81294
81274
81254
81235
81215
81195
81176
81157
81137
81117
81098
81080
81060
81041
81022
81004
80985
80966
80948
80929
80910
80892
80874
80855
80837
80818
80801
80783
80765
80746
80729
80711
80693
80675
80658
80641
80623
80606
80588
80572
80555
80537
80520
80503
80486
80470
80452
80436
80420
80403
80386
80370
80354
80337
80320
80305
80289
80272
80256
80240
80224
80208
80192
80177
80161
80145
80129
80114
80099
80084
80068
80053
80038
80023
80007
79992
79978
79963
79947
79933
79918
79904
79888
79874
79860
79845
79831
79816
79802
79787
79773
79758
79745
79731
79717
79702
79689
79675
79661
79648
79633
79620
79606
79593
79580
79566
79553
79539
79526
79513
79499
79486
79473
79460
79447
79434
79421
79409
79396
79383
79370
79357
79345
79332
79319
79307
79295
79282
79269
79258
79246
79233
79221
79209
79197
79185
79172
79161
79149
79137
79125
79113
79102
79090
79079
79067
79056
79044
79032
79021
79010
78998
78987
78976
78965
78954
78942
78931
78920
78909
78898
78887
78876
78865
78855
78844
78833
78823
78812
78801
78791
78781
78769
78759
78749
78739
78728
78717
78707
78698
78688
78677
78667
78657
78647
78636
78627
78617
78607
78597
78587
78578
78568
78558
78548
78539
78530
78520
78510
78501
78492
78482
78472
78463
78454
78445
78435
78427
78417
78408
78399
78389
78381
78372
78362
78354
78345
78336
78327
78318
78310
78300
78292
78283
78275
78266
78257
78249
78240
78232
78223
78215
78207
78198
78190
78181
78173
78166
78157
78148
78140
78133
78124
78116
78108
78100
78092
78083
78076
78069
78060
78052
78045
78037
78029
78022
78014
78007
77998
77991
77984
77977
77968
77961
77954
77947
77939
77931
77924
77917
77910
77902
77895
77888
77881
77873
77866
77859
77853
77845
77838
77831
77824
77817
77810
77803
77797
77790
77782
77776
77769
77763
77756
77749
77743
77736
77729
77722
77716
77710
77703
77697
77690
77684
77677
77671
77665
77658
77652
77645
77639
77632
77627
77620
77614
77608
77602
77595
77590
77584
77577
77571
77565
77559
77553
77547
77542
77536
77529
77523
77518
77512
77506
77500
77495
77489
77483
77477
77472
77466
77461
77454
77449
77444
77439
77433
77427
77422
77416
77411
77405
77400
77395
77389
77383
77378
77374
77368
77363
77358
77352
77347
77341
77337
77332
77326
77321
77316
77312
77306
77300
77296
77291
77285
77280
77276
77272
77266
77261
77256
77252
77247
77241
77237
77233
77228
77222
77218
77213
77209
77204
77199
77195
77190
77185
77180
77176
77172
77167
77162
77158
77154
77149
77144
77140
77136
77131
77127
77123
77119
