-1
-1
-1
-1
-1
-1
-1
-1
-1
-1
-1
-1
-1
-1
-1
-1
-1
-1
-1
-1
-1
-1
-1
-1
-1
-1
-1
-1
-1
-1
2
4
10
20
36
61
94
135
181
228
272
310
341
365
381
393
404
415
430
452
485
536
613
731
913
1148
1325
1505
1684
1861
2031
2193
2345
2484
2612
2726
2827
2916
2992
3058
3113
3159
3197
3227
3252
3271
3285
3296
3305
3310
3315
3317
3319
3320
3321
3321
3321
3321
3321
3321
3321
3313
3290
3252
3202
3142
3072
2994
2909
2820
2727
2632
2535
2438
2341
2245
2151
2060
1971
1885
1802
1723
1647
1575
1507
1442
1381
1323
1269
1218
1170
1125
1083
1044
1008
975
944
915
888
864
841
821
802
785
770
757
744
734
725
717
710
705
701
698
696
695
696
698
700
704
709
715
722
730
739
749
760
772
785
799
815
831
849
867
887
908
930
953
977
1002
1029
1056
1085
1115
1146
1178
1211
1245
1280
1316
1353
1392
1431
1471
1512
1553
1596
1640
1684
1729
1774
1821
1868
1916
1964
2013
2063
2113
2164
2216
2269
2323
2378
2434
2492
2550
2611
2674
2739
2806
2876
2950
3028
3109
3196
3289
3351
3395
3441
3487
3534
3581
3630
3679
3729
3780
3831
3883
3937
3991
4045
4101
4158
4216
4274
4334
4394
4456
4518
4582
4647
4712
4779
4847
4916
4987
5058
5131
5205
5280
5357
5435
5514
5595
5677
5761
5846
5933
6021
6111
6203
6296
6391
6488
6586
6687
6789
6893
6999
7108
7218
7331
7446
7563
7682
7804
7928
8055
8184
8316
8451
8588
8728
8872
9018
9168
9320
9476
9636
9799
9966
10136
10310
10488
10671
10857
11048
11244
11444
11649
11859
12074
12295
12521
12753
12991
13235
13486
13743
14008
14279
14558
14845
15141
15445
15757
16080
16412
16754
17107
17471
17848
18236
18638
19054
19485
19931
20394
20874
21373
21892
22432
22995
23582
24196
24838
25511
26218
26962
27746
28572
29423
30295
31187
32100
33034
33990
34969
35969
36992
38038
39108
40201
41318
42459
43625
44816
46032
47273
48541
49834
51154
52500
53873
55274
56702
58158
59642
61155
62696
64266
65865
67494
69152
70840
72558
74306
76085
77894
79735
81606
83509
85443
87409
89406
91436
93497
95591
97717
99875
102066
104289
106545
108834
111155
113510
115897
118316
120769
123255
125773
128324
130908
133525
136174
138856
141570
144316
147095
149905
152748
155622
158528
161466
164434
167433
170463
173524
176615
179735
182885
186065
189273
192510
195776
199069
202390
205738
209112
212513
215940
219392
222869
226370
229896
233445
237016
240611
244226
247864
251521
255199
258897
262613
266347
270099
273868
277653
281454
285270
289099
292943
296798
300666
304546
308435
312335
316243
320160
324084
328015
331951
335893
339838
343787
347739
351692
355646
359601
363554
367505
371454
375400
379341
383278
387208
391131
395047
398953
402851
406738
410613
414477
418328
422164
425986
429793
433583
437355
441110
444845
448561
452256
455930
459581
463209
466813
470392
473946
477473
480974
484446
487890
491305
494689
498043
501365
504655
507912
511135
514324
517479
520598
523680
526726
529735
532705
535637
538531
541384
544198
546971
549703
552393
555042
557648
560211
562732
565209
567642
570030
572375
574674
576928
579137
581301
583418
585490
587515
589494
591427
593313
595153
596945
598691
600390
602042
603648
605206
606718
608183
609602
610974
612300
613579
614813
616001
617143
618240
619292
620299
621262
622181
623056
623888
624676
625423
626127
626789
627411
627992
628534
629035
629499
629924
630312
630663
630978
631258
631504
631717
631897
632046
632164
632254
632316
632352
632364
632360
632343
632313
632268
632212
632140
632057
631959
631849
631725
631587
631438
631274
631098
630909
630706
630491
630263
630021
629766
629500
629220
628927
628622
628305
627973
627631
627276
626907
626526
626133
625728
625311
624881
624439
623984
623519
623042
622551
622049
621536
621010
620473
619925
619364
618792
618209
617615
617009
616391
615764
615124
614474
613811
613140
612457
611763
611059
610343
609617
608882
608135
607378
606612
605835
605047
604250
603443
602625
601798
600963
600116
599260
598396
597522
596637
595744
594843
593932
593012
592084
591146
590199
589245
588282
587309
586330
585341
584344
583340
582327
581306
580277
579242
578198
577146
576088
575021
573947
572866
571779
570684
569581
568473
567357
566234
565106
563970
562828
561681
560526
559365
558199
557026
555848
554664
553473
552277
551076
549870
548657
547440
546217
544990
543757
542519
541278
540030
538778
537522
536261
534995
533727
532452
531174
529892
528606
527316
526023
524725
523424
522119
520811
519499
518184
516865
515545
514220
512892
511563
510229
508893
507556
506214
504870
503525
502176
500824
499472
498117
496759
495401
494040
492677
491313
489946
488578
487208
485837
484466
483092
481716
480341
478964
477585
476207
474826
473446
472064
470682
469299
467916
466532
465147
463763
462378
460992
459607
458221
456835
455450
454065
452679
451293
449908
448524
447139
445755
444372
442990
441607
440226
438845
437464
436086
434707
433329
431953
430577
429203
427829
426457
425086
423716
422348
420981
419615
418251
416889
415527
414168
412810
411454
410099
408747
407396
406047
404700
403355
402011
400671
399332
397994
396660
395327
393996
392668
391342
390018
388698
387378
386062
384748
383436
382127
380821
379517
378217
376918
375621
374329
373038
371750
370465
369183
367904
366628
365354
364083
362817
361551
360290
359032
357775
356523
355274
354027
352784
351544
350307
349074
347844
346616
345393
344172
342954
341741
340530
339322
338119
336918
335721
334527
333336
332150
330967
329786
328610
327437
326267
325102
323939
322780
321624
320473
319325
318181
317039
315902
314769
313638
312512
311389
310269
309154
308042
306933
305829
304729
303631
302538
301448
300361
299279
298201
297126
296055
294988
293923
292864
291807
290755
289707
288661
287620
286583
285549
284519
283493
282470
281452
280437
279425
278418
277415
276415
275418
274427
273437
272453
271472
270494
269521
268551
267585
266623
265664
264709
263759
262811
261867
260927
259991
259058
258130
257204
256283
255365
254451
253541
252634
251731
250832
249936
249044
248156
247271
246390
245513
244639
243769
242903
242040
241180
240325
239473
238624
237779
236937
236099
235266
234434
233608
232783
231963
231147
230333
229524
228718
227915
227116
226320
225527
224739
223953
223171
222393
221617
220845
220077
219313
218550
217792
217038
216286
215538
214793
214051
213313
212578
211846
211118
210392
209670
208952
208236
207523
206815
206109
205406
204707
204011
203317
202627
201940
201256
200576
199898
199224
198552
197884
197219
196556
195897
195241
194588
193938
193291
192647
192006
191368
190732
190100
189471
188844
188221
187601
186982
186368
185756
185147
184540
183937
183336
182739
182144
181551
180962
180376
179791
179211
178632
178056
177483
176913
176345
175781
175218
174659
174101
173547
172995
172446
171901
171356
170814
170276
169740
169206
168676
168147
167620
167097
166576
166057
165541
165028
164516
164008
163502
162997
162496
161997
161500
161006
160514
160024
159537
159053
158569
158090
157612
157135
156662
156192
155722
155256
154792
154329
153869
153412
152956
152503
152052
151603
151156
150712
150269
149828
149390
148954
148520
148088
147658
147230
146805
146381
145959
145539
145122
144706
144293
143881
143472
143064
142659
142255
141853
141453
141055
140659
140266
139873
139483
139095
138708
138324
137941
137560
137181
136804
136428
136055
135683
135313
134945
134579
134214
133851
133490
133130
132773
132417
132062
131710
131359
131010
130662
130317
129973
129630
129289
128950
128612
128277
127943
127610
127279
126949
126621
126295
125970
125647
125326
125006
124687
124370
124055
123740
123428
123118
122808
122500
122194
121888
121585
121283
120982
120683
120385
120089
119794
119501
119209
118918
118629
118341
118054
117769
117485
117203
116922
116642
116364
116087
115811
115536
115264
114992
114721
114452
114184
113917
113652
113388
113125
112864
112603
112344
112086
111830
111574
111320
111067
110815
110565
110315
110067
109820
109574
109329
109086
108843
108602
108362
108123
107885
107649
107413
107179
106945
106713
106482
106252
106023
105795
105568
105342
105118
104894
104671
104450
104229
104010
103792
103574
103358
103142
102928
102715
102502
102291
102081
101872
101663
101456
101249
101044
100839
100636
100433
100231
100031
99831
99632
99434
99237
99041
98846
98652
98459
98266
98075
97884
97694
97505
97317
97131
96944
96759
96574
96390
96208
96026
95845
95664
95485
95306
95128
94952
94775
94600
94425
94251
94079
93907
93735
93564
93395
93226
93057
92890
92724
92557
92393
92228
92064
91902
91740
91578
91417
91258
91098
90940
90782
90625
90469
90313
90158
90004
89851
89698
89546
89395
89244
89094
88945
88796
88648
88501
88354
88208
88063
87918
87774
87631
87488
87346
87205
87064
86924
86784
86645
86507
86369
86233
86096
85960
85825
85691
85557
85423
85291
85159
85027
84896
84766
84636
84507
84378
84250
84123
83996
83870
83744
83619
83494
83369
83246
83123
83001
82879
82758
82637
82517
82397
82278
82159
82041
81923
81806
81690
81573
81458
81343
81228
81114
81001
80888
80775
80663
80551
80440
80330
80220
80110
80001
79892
79784
79677
79570
79463
79357
79251
79145
79041
78936
78832
78729
78626
78523
78421
78320
78218
78118
78017
77917
77818
77719
77620
77522
77424
77327
77230
77134
77037
76942
76847
76752
76657
76564
76470
76376
76284
76191
76099
76008
75917
75826
75735
75645
75556
75466
75378
75289
75201
75114
75026
74939
74853
74766
74681
74595
74510
74425
74341
74257
74173
74090
74007
73925
73843
73761
73679
73598
73517
73437
73357
73277
73197
73118
73039
72961
72883
72805
72728
72651
72574
72497
72421
72346
72270
72195
72120
72045
71971
71897
71824
71750
71678
71605
71533
71461
71389
71318
71246
71175
71105
71035
70965
70895
70826
70757
70688
70620
70551
70483
70416
70348
70281
70215
70148
70082
70016
69950
69885
69820
69755
69691
69626
69562
69499
69435
69372
69309
69246
69184
69122
69060
68998
68937
68875
68815
68754
68694
68634
68574
68514
68455
68396
68337
68278
68220
68161
68104
68046
67989
67931
67874
67818
67761
67705
67649
67593
67537
67482
67427
67372
67318
67263
67209
67155
67101
67047
66994
66941
66888
66836
66783
66731
66679
66627
66576
66524
66473
66422
66371
66321
66270
66220
66171
66121
66071
66022
65973
65924
65875
65827
65778
65730
65682
65635
65587
65540
65493
65446
65399
65353
65306
65260
65214
65168
65123
65077
65032
64987
64942
64897
64853
64808
64764
64720
64676
64633
64589
64546
64503
64460
64417
64375
64332
64290
64248
64206
64165
64123
64081
64040
63999
63958
63918
63877
63837
63796
63756
63717
63677
63637
63598
63558
63519
63480
63442
63403
63365
63326
63288
63250
63212
63175
63137
63099
63062
63025
62988
62951
62915
62878
62842
62806
62769
62734
62698
62662
62626
62591
62556
62521
62486
62451
62416
62382
62347
62313
62279
62245
62211
62178
62144
62110
62077
62044
62011
61978
61945
61913
61880
61848
61815
61783
61751
61719
61688
61656
61624
61593
61562
61531
61500
61469
61438
61407
61377
61346
61316
61286
61256
61226
61196
61166
61137
61108
61078
61049
61020
60991
60962
60933
60905
60876
60848
60819
60791
60763
60735
60707
60679
60652
60624
60597
60569
60542
60515
60488
60461
60434
60408
60381
60355
60328
60302
60276
60250
60224
60198
60172
60146
60121
60095
60070
60045
60020
59995
59970
59945
59920
59895
59871
59846
59822
59798
59773
59749
59725
59702
59678
59654
59630
59607
59583
59560
59537
59514
59491
59468
59445
59422
59399
59376
59354
59331
59309
59287
59265
59242
59221
59199
59177
59155
59133
59111
59090
59069
59047
59026
59005
58984
58963
58942
58921
58900
58879
58859
58838
58818
58797
58777
58757
58737
58717
58697
58677
58657
58637
58618
58598
58578
58559
58540
58520
58501
58482
58463
58444
58425
58406
58387
58369
58350
58332
58313
58294
58276
58258
58240
58222
58204
58185
58168
58150
58132
58114
58097
58079
58061
58044
58027
58009
57992
57975
57958
57941
57924
57907
57890
57873
57856
57840
57823
57807
57790
57774
57757
57741
57725
57709
57692
57677
57661
57645
57629
57613
57597
57582
57566
57551
57535
57520
57504
57489
57474
57459
57443
57428
57413
57398
57383
57368
57354
57339
57324
57310
57295
57281
57266
57252
57238
57223
57209
57195
57181
57167
57153
57139
57125
57111
57097
57084
57070
57056
57042
57029
57016
57002
56989
56975
56962
56949
56935
56922
56909
56896
56883
56870
56858
56845
56832
56819
56807
56794
56781
56769
56757
56744
56731
56719
56707
56695
56682
56670
56658
56646
56634
56622
56610
56598
56586
56574
56562
56551
56540
56528
56516
56504
56493
56482
56470
56459
56448
56436
56425
56414
56403
56392
56381
56370
56359
56348
56337
56326
56315
56304
56293
56283
56272
56262
56251
56241
56230
56220
56209
56199
56189
56178
56168
56158
56148
56138
56128
56118
56107
56097
56088
56078
56068
56058
56048
56038
56029
56019
56010
56000
55990
55980
55971
55962
55953
55943
55933
55924
55915
55906
55897
55887
55878
55869
55860
55851
55842
55833
55824
55815
55806
55797
55789
55780
55771
55762
55754
55745
55737
55728
55719
55711
55703
55694
55686
55677
55669
55660
55652
55644
55636
55628
55619
55611
55603
55595
55587
55579
55571
55563
55555
55547
55540
55532
55524
55516
55508
55500
55493
55486
55478
55470
55462
55455
55448
55440
55433
55425
55418
55410
55403
55396
55388
55381
55374
55367
55360
55353
55345
55338
55331
55324
55317
55310
55304
55296
55290
55282
55276
55269
55262
55255
55248
55242
55235
55229
55222
55215
55208
55202
55195
55189
55183
55176
55169
55163
55157
55150
55144
55137
55131
55125
55118
55112
55106
55100
55094
55087
55081
55075
55069
55063
55057
55051
55045
55039
55033
55027
55021
55016
55010
55004
54998
54993
54987
54981
54975
54970
54964
54958
54952
54947
54941
54936
54930
54925
54919
54914
54908
54903
54897
54892
54886
54881
54876
54871
54865
54860
54855
54849
54844
54839
54834
54829
54823
54818
54813
54808
54803
54798
54793
54788
54783
54778
54773
54768
54763
54758
54753
54748
54744
54739
54734
54729
54724
54719
54715
54710
54706
54701
54696
54691
54687
54682
54678
54673
54669
54664
54659
54655
54651
54646
54642
54637
54633
54628
54624
54619
54615
54610
54606
54602
54598
54594
54589
54585
54581
54577
54573
54568
54564
54560
54556
54552
54548
54543
54539
54535
54531
54527
54523
54519
54515
54511
54507
54503
54500
54496
54491
54488
54484
54480
54477
54473
54469
54465
54461
54457
54453
54450
54446
54442
54438
54435
54431
54428
54424
54420
54416
54413
54410
54406
54402
54399
54395
54392
54388
54385
54381
54378
54374
54371
54367
54365
54361
54357
54354
54350
54347
54344
54341
54337
54334
54330
54327
54324
54321
54317
54314
54311
54308
54305
54302
54298
54295
54292
54289
54286
54283
54280
54276
54273
54270
54267
54264
54261
54258
54255
54252
54249
54246
54243
54240
54237
54235
54231
54229
54226
54223
54220
54217
54214
54212
54209
54206
54203
54200
54197
54195
54192
54189
54186
54183
54181
54179
54176
54173
54170
54167
54165
54162
54160
54157
54154
54151
54149
54146
54144
54141
54139
54136
54133
54131
54129
54126
54124
54121
54118
54116
54114
54111
