ant1        1915069.391          5263375.388         -3041002.389     dish_12m_unpol 5   90   325
ant2        1915837.571          5263296.270         -3040657.771     dish_12m_unpol 5   90   325
ant3        1915380.698          5262769.693         -3041848.784     dish_12m_unpol 5   90   325
ant4        1916383.326          5263038.120         -3040760.006     dish_12m_unpol 5   90   325
ant5        1915751.084          5263197.789         -3040881.215     dish_12m_unpol 5   90   325
ant6        1915256.370          5263277.609         -3041053.523     dish_12m_unpol 5   90   325
ant7        1916012.619          5262755.605         -3041477.663     dish_12m_unpol 5   90   325
ant8        1915898.311          5263151.908         -3040867.958     dish_12m_unpol 5   90   325
ant9        1915813.234          5263192.789         -3040850.917     dish_12m_unpol 5   90   325
ant10       1915445.638          5263383.852         -3040752.449     dish_12m_unpol 5   90   325
ant11       1915741.121          5262720.033         -3041708.670     dish_12m_unpol 5   90   325
ant12       1915599.148          5263109.902         -3041127.377     dish_12m_unpol 5   90   325
ant13       1915902.062          5262997.440         -3041131.160     dish_12m_unpol 5   90   325
ant14       1915572.531          5263095.356         -3041169.034     dish_12m_unpol 5   90   325
ant15       1915870.661          5263032.002         -3041091.396     dish_12m_unpol 5   90   325
ant16       1915471.212          5263563.965         -3040426.746     dish_12m_unpol 5   90   325
ant17       1916804.343          5262982.842         -3040591.445     dish_12m_unpol 5   90   325
ant18       1915799.205          5263308.032         -3040661.558     dish_12m_unpol 5   90   325
ant19       1916430.934          5262824.725         -3041097.052     dish_12m_unpol 5   90   325
ant20       1916366.294          5262427.427         -3041820.350     dish_12m_unpol 5   90   325
ant21       1915402.033          5263615.569         -3040381.296     dish_12m_unpol 5   90   325
ant22       1916047.620          5263496.224         -3040182.462     dish_12m_unpol 5   90   325
ant23       1915875.156          5262923.518         -3041275.067     dish_12m_unpol 5   90   325
ant24       1915605.138          5263093.402         -3041151.992     dish_12m_unpol 5   90   325
ant25       1915447.435          5263421.744         -3040686.173     dish_12m_unpol 5   90   325
ant26       1914388.990          5263717.646         -3040839.488     dish_12m_unpol 5   90   325
ant27       1915918.265          5262818.596         -3041428.437     dish_12m_unpol 5   90   325
ant28       1915540.690          5263165.324         -3041068.677     dish_12m_unpol 5   90   325
ant29       1916297.707          5263275.240         -3040405.906     dish_12m_unpol 5   90   325
ant30       1915963.256          5262975.164         -3041131.159     dish_12m_unpol 5   90   325
ant31       1915398.509          5263063.961         -3041331.874     dish_12m_unpol 5   90   325
ant32       1915230.765          5263346.404         -3040951.270     dish_12m_unpol 5   90   325
ant33       1915442.905          5263643.642         -3040307.443     dish_12m_unpol 5   90   325
ant34       1915811.363          5263495.227         -3040332.066     dish_12m_unpol 5   90   325
ant35       1915808.715          5263572.172         -3040201.402     dish_12m_unpol 5   90   325
ant36       1916170.545          5262826.999         -3041256.121     dish_12m_unpol 5   90   325
ant37       1915349.635          5263043.193         -3041398.145     dish_12m_unpol 5   90   325
ant38       1915497.545          5263519.142         -3040487.344     dish_12m_unpol 5   90   325
ant39       1915996.952          5263144.638         -3040818.723     dish_12m_unpol 5   90   325
ant40       1915169.608          5263277.240         -3041108.433     dish_12m_unpol 5   90   325
ant41       1915538.870          5263240.884         -3040939.916     dish_12m_unpol 5   90   325
ant42       1915660.955          5263250.419         -3040847.131     dish_12m_unpol 5   90   325
ant43       1914500.636          5263625.271         -3040928.498     dish_12m_unpol 5   90   325
ant44       1916185.261          5263098.114         -3040780.845     dish_12m_unpol 5   90   325
ant45       1915321.680          5263112.851         -3041295.895     dish_12m_unpol 5   90   325
ant46       1915399.545          5263169.330         -3041150.097     dish_12m_unpol 5   90   325
ant47       1915886.601          5263086.781         -3040987.252     dish_12m_unpol 5   90   325
ant48       1916048.427          5263044.394         -3040958.844     dish_12m_unpol 5   90   325
ant49       1915619.680          5263166.314         -3041017.552     dish_12m_unpol 5   90   325
ant50       1915716.277          5263105.822         -3041061.102     dish_12m_unpol 5   90   325
ant51       1915601.205          5263456.087         -3040530.898     dish_12m_unpol 5   90   325
ant52       1915639.008          5263190.120         -3040964.532     dish_12m_unpol 5   90   325
ant53       1915878.455          5263796.733         -3039771.525     dish_12m_unpol 5   90   325
ant54       1915866.394          5263133.789         -3040919.084     dish_12m_unpol 5   90   325
ant55       1915370.246          5263323.180         -3040903.935     dish_12m_unpol 5   90   325
ant56       1916193.719          5263077.412         -3040811.142     dish_12m_unpol 5   90   325
ant57       1916152.158          5263069.413         -3040850.908     dish_12m_unpol 5   90   325
ant58       1915586.003          5263154.339         -3041059.210     dish_12m_unpol 5   90   325
ant59       1915375.279          5263289.407         -3040958.848     dish_12m_unpol 5   90   325
ant60       1915316.648          5263146.626         -3041240.984     dish_12m_unpol 5   90   325
ant61       1915689.042          5263334.913         -3040684.283     dish_12m_unpol 5   90   325
ant62       1915712.973          5263832.739         -3039813.187     dish_12m_unpol 5   90   325
ant63       1916541.597          5263729.286         -3039472.287     dish_12m_unpol 5   90   325
ant64       1915577.634          5262878.693         -3041538.263     dish_12m_unpol 5   90   325
ant65       1915903.479          5262140.839         -3042602.313     dish_12m_unpol 5   90   325
ant66       1914686.934          5263412.110         -3041178.465     dish_12m_unpol 5   90   325
ant67       1915657.070          5262979.769         -3041314.833     dish_12m_unpol 5   90   325
ant68       1915083.344          5263893.401         -3040102.907     dish_12m_unpol 5   90   325
ant69       1915354.170          5263385.200         -3040807.362     dish_12m_unpol 5   90   325
ant70       1916239.567          5262870.167         -3041138.721     dish_12m_unpol 5   90   325
ant71       1916103.629          5263174.090         -3040701.317     dish_12m_unpol 5   90   325
ant72       1916203.060          5263729.223         -3039684.406     dish_12m_unpol 5   90   325
ant73       1916664.548          5263488.545         -3039809.372     dish_12m_unpol 5   90   325
ant74       1915428.572          5263113.604         -3041227.732     dish_12m_unpol 5   90   325
ant75       1915952.292          5262956.024         -3041170.922     dish_12m_unpol 5   90   325
ant76       1915069.477          5263620.954         -3040580.116     dish_12m_unpol 5   90   325
ant77       1915605.348          5263200.168         -3040968.320     dish_12m_unpol 5   90   325
ant78       1915248.839          5263564.498         -3040564.975     dish_12m_unpol 5   90   325
ant79       1915139.907          5263375.061         -3040958.841     dish_12m_unpol 5   90   325
ant80       1915540.439          5263285.471         -3040862.279     dish_12m_unpol 5   90   325
ant81       1915924.104          5263167.852         -3040824.405     dish_12m_unpol 5   90   325
ant82       1914633.984          5264028.257         -3040152.108     dish_12m_unpol 5   90   325
ant83       1915399.293          5263018.511         -3041409.506     dish_12m_unpol 5   90   325
ant84       1915678.387          5263261.696         -3040816.834     dish_12m_unpol 5   90   325
ant85       1915970.240          5263155.463         -3040816.830     dish_12m_unpol 5   90   325
ant86       1915062.362          5263557.466         -3040693.734     dish_12m_unpol 5   90   325
ant87       1915340.393          5262724.867         -3041951.026     dish_12m_unpol 5   90   325
ant88       1915194.254          5263326.648         -3041008.076     dish_12m_unpol 5   90   325
ant89       1917027.882          5263443.225         -3039659.736     dish_12m_unpol 5   90   325
ant90       1915395.027          5263255.786         -3041004.295     dish_12m_unpol 5   90   325
ant91       1915699.532          5263209.944         -3040892.577     dish_12m_unpol 5   90   325
ant92       1915976.036          5263189.699         -3040754.342     dish_12m_unpol 5   90   325
ant93       1915146.644          5263269.074         -3041136.835     dish_12m_unpol 5   90   325
ant94       1915063.594          5263341.150         -3041064.876     dish_12m_unpol 5   90   325
ant95       1916743.809          5262421.067         -3041595.003     dish_12m_unpol 5   90   325
ant96       1915480.883          5263440.408         -3040633.152     dish_12m_unpol 5   90   325
ant97       1914194.928          5263389.518         -3041524.932     dish_12m_unpol 5   90   325
ant98       1915724.659          5263132.510         -3041009.977     dish_12m_unpol 5   90   325
ant99       1915287.523          5263227.721         -3041119.798     dish_12m_unpol 5   90   325
ant100       1915849.296          5263383.410         -3040500.601     dish_12m_unpol 5   90   325
ant101       1917163.669          5262263.744         -3041602.526     dish_12m_unpol 5   90   325
ant102       1915900.149          5263098.371         -3040958.848     dish_12m_unpol 5   90   325
ant103       1915356.526          5263113.388         -3041273.175     dish_12m_unpol 5   90   325
ant104       1915275.828          5263049.124         -3041434.119     dish_12m_unpol 5   90   325
ant105       1915236.468          5263270.533         -3041078.138     dish_12m_unpol 5   90   325
ant106       1915494.588          5263357.226         -3040767.599     dish_12m_unpol 5   90   325
ant107       1915131.601          5263436.457         -3040858.480     dish_12m_unpol 5   90   325
ant108       1915696.452          5263051.354         -3041167.140     dish_12m_unpol 5   90   325
ant109       1915697.856          5263461.656         -3040460.835     dish_12m_unpol 5   90   325
ant110       1916978.407          5263237.720         -3040044.167     dish_12m_unpol 5   90   325
ant111       1916524.884          5262705.697         -3041242.844     dish_12m_unpol 5   90   325
ant112       1916278.079          5263462.982         -3040095.345     dish_12m_unpol 5   90   325
ant113       1917097.083          5263120.721         -3040171.031     dish_12m_unpol 5   90   325
ant114       1915505.478          5263288.282         -3040879.321     dish_12m_unpol 5   90   325
ant115       1915823.798          5263155.902         -3040907.724     dish_12m_unpol 5   90   325
ant116       1915353.728          5263420.604         -3040746.767     dish_12m_unpol 5   90   325
ant117       1915637.951          5263333.684         -3040718.367     dish_12m_unpol 5   90   325
ant118       1916472.648          5262239.952         -3042075.943     dish_12m_unpol 5   90   325
ant119       1915449.812          5263307.440         -3040881.214     dish_12m_unpol 5   90   325
ant120       1915397.764          5263288.934         -3040945.594     dish_12m_unpol 5   90   325
ant121       1915677.080          5263389.927         -3040597.176     dish_12m_unpol 5   90   325
ant122       1916021.161          5264016.717         -3039303.752     dish_12m_unpol 5   90   325
ant123       1916124.880          5263704.834         -3039775.309     dish_12m_unpol 5   90   325
ant124       1914698.055          5262952.001         -3041962.362     dish_12m_unpol 5   90   325
ant125       1915541.680          5263362.114         -3040729.728     dish_12m_unpol 5   90   325
ant126       1914384.096          5263927.562         -3040481.587     dish_12m_unpol 5   90   325
ant127       1915577.523          5263288.495         -3040833.876     dish_12m_unpol 5   90   325
ant128       1915792.033          5263178.478         -3040888.789     dish_12m_unpol 5   90   325
ant129       1916002.924          5262970.637         -3041114.116     dish_12m_unpol 5   90   325
ant130       1916119.225          5262832.464         -3041278.845     dish_12m_unpol 5   90   325
ant131       1915872.512          5263564.367         -3040174.890     dish_12m_unpol 5   90   325
ant132       1914558.920          5263100.675         -3041793.839     dish_12m_unpol 5   90   325
ant133       1917129.837          5263159.448         -3040083.918     dish_12m_unpol 5   90   325
ant134       1914336.292          5263356.822         -3041492.759     dish_12m_unpol 5   90   325
ant135       1915839.911          5263137.921         -3040928.553     dish_12m_unpol 5   90   325
ant136       1915655.080          5263263.571         -3040828.195     dish_12m_unpol 5   90   325
ant137       1917174.996          5263835.703         -3038892.390     dish_12m_unpol 5   90   325
ant138       1917654.999          5261804.395         -3042084.193     dish_12m_unpol 5   90   325
ant139       1914053.597          5262494.796         -3043150.677     dish_12m_unpol 5   90   325
ant140       1913121.774          5264652.828         -3040023.450     dish_12m_unpol 5   90   325
ant141       1916729.640          5264434.129         -3038141.664     dish_12m_unpol 5   90   325
ant142       1918816.619          5262036.697         -3040957.286     dish_12m_unpol 5   90   325
ant143       1915592.341          5261463.615         -3043959.937     dish_12m_unpol 5   90   325
ant144       1912126.960          5263878.192         -3041976.939     dish_12m_unpol 5   90   325
ant145       1914326.054          5265442.466         -3037911.259     dish_12m_unpol 5   90   325
ant146       1919028.645          5263416.329         -3038451.725     dish_12m_unpol 5   90   325
ant147       1918567.278          5260845.595         -3043159.795     dish_12m_unpol 5   90   325
ant148       1911404.957          5265028.905         -3040449.173     dish_12m_unpol 5   90   325
ant149       1918143.119          5260476.146         -3044059.641     dish_12m_unpol 5   90   325
ant150       1916456.615          5265553.853         -3036384.786     dish_12m_unpol 5   90   325
ant151       1911292.415          5265887.132         -3039042.793     dish_12m_unpol 5   90   325
ant152       1917521.244          5265413.902         -3035958.183     dish_12m_unpol 5   90   325
ant153       1911438.440          5266439.115         -3038001.296     dish_12m_unpol 5   90   325
ant154       1916299.324          5259877.356         -3046240.142     dish_12m_unpol 5   90   325
ant155       1909602.482          5263768.318         -3043740.454     dish_12m_unpol 5   90   325
ant156       1912022.285          5267206.328         -3036314.716     dish_12m_unpol 5   90   325
ant157       1920618.522          5264554.693         -3035493.494     dish_12m_unpol 5   90   325
ant158       1922123.842          5259448.873         -3043328.585     dish_12m_unpol 5   90   325
ant159       1913326.515          5259884.829         -3048082.914     dish_12m_unpol 5   90   325
ant160       1907314.041          5265763.869         -3041736.462     dish_12m_unpol 5   90   325
ant161       1914090.884          5268197.507         -3033310.531     dish_12m_unpol 5   90   325
ant162       1924144.202          5262886.691         -3036148.603     dish_12m_unpol 5   90   325
ant163       1921663.169          5257521.876         -3046922.753     dish_12m_unpol 5   90   325
ant164       1909254.060          5260713.641         -3049198.467     dish_12m_unpol 5   90   325
ant165       1905731.320          5268282.174         -3038388.544     dish_12m_unpol 5   90   325
ant166       1917718.211          5268580.836         -3030372.021     dish_12m_unpol 5   90   325
ant167       1927738.690          5260328.420         -3038286.770     dish_12m_unpol 5   90   325
ant168       1919554.050          5255774.025         -3051235.531     dish_12m_unpol 5   90   325
ant169       1904225.962          5262598.479         -3049090.935     dish_12m_unpol 5   90   325
ant170       1905423.229          5271167.264         -3033606.362     dish_12m_unpol 5   90   325
ant171       1917240.267          5255147.536         -3053751.338     dish_12m_unpol 5   90   325
ant172       1900802.200          5264646.525         -3047700.752     dish_12m_unpol 5   90   325
ant173       1906258.848          5273256.544         -3029475.366     dish_12m_unpol 5   90   325
ant174       1927326.089          5267231.610         -3026644.877     dish_12m_unpol 5   90   325
ant175       1932323.387          5254528.532         -3045354.576     dish_12m_unpol 5   90   325
ant176       1911601.799          5254527.029         -3058319.668     dish_12m_unpol 5   90   325
ant177       1895152.140          5268599.225         -3044409.241     dish_12m_unpol 5   90   325
ant178       1909436.263          5276020.429         -3022700.169     dish_12m_unpol 5   90   325
ant179       1935214.856          5264342.441         -3026637.791     dish_12m_unpol 5   90   325
ant180       1933033.871          5249927.490         -3052779.798     dish_12m_unpol 5   90   325
ant181       1903303.194          5255217.002         -3062280.646     dish_12m_unpol 5   90   325
ant182       1889919.119          5273997.213         -3038350.630     dish_12m_unpol 5   90   325
ant183       1915744.448          5278123.383         -3015079.038     dish_12m_unpol 5   90   325
ant184       1944344.066          5259498.411         -3029190.095     dish_12m_unpol 5   90   325
ant185       1930986.444          5244970.704         -3062514.579     dish_12m_unpol 5   90   325
ant186       1892138.096          5257836.500         -3064686.113     dish_12m_unpol 5   90   325
ant187       1886138.531          5280817.029         -3028903.214     dish_12m_unpol 5   90   325
ant188       1925978.313          5278865.627         -3007302.066     dish_12m_unpol 5   90   325
ant189       1954015.118          5252328.873         -3035358.992     dish_12m_unpol 5   90   325
ant190       1924919.642          5240209.694         -3074380.887     dish_12m_unpol 5   90   325
ant191       1878170.692          5263084.952         -3064271.687     dish_12m_unpol 5   90   325
ant192       1885224.351          5288827.750         -3015555.612     dish_12m_unpol 5   90   325
ant193       1940844.451          5277337.670         -3000464.508     dish_12m_unpol 5   90   325
ant194       1963062.134          5242567.712         -3046302.706     dish_12m_unpol 5   90   325
ant195       1913405.874          5236477.335         -3087807.728     dish_12m_unpol 5   90   325
ant196       1861883.044          5271695.792         -3059438.478     dish_12m_unpol 5   90   325
ant197       1889002.657          5297499.562         -2998036.498     dish_12m_unpol 5   90   325
ant198       1960816.808          5272416.027         -2996157.222     dish_12m_unpol 5   90   325
ant199       1969732.625          5230147.009         -3063186.217     dish_12m_unpol 5   90   325
ant200       1894941.366          5234940.111         -3101676.036     dish_12m_unpol 5   90   325
ant201       1844354.638          5284357.483         -3048266.822     dish_12m_unpol 5   90   325
ant202       1899711.175          5305896.064         -2976489.126     dish_12m_unpol 5   90   325
ant203       1985936.824          5262782.951         -2996545.721     dish_12m_unpol 5   90   325
ant204       1971573.026          5215319.181         -3087029.561     dish_12m_unpol 5   90   325
ant205       1868098.823          5237136.655         -3114141.809     dish_12m_unpol 5   90   325
ant206       1827470.541          5301591.874         -3028578.873     dish_12m_unpol 5   90   325
ant207       1919944.545          5312553.459         -2951694.835     dish_12m_unpol 5   90   325
ant208       2015549.901          5246981.228         -3004420.713     dish_12m_unpol 5   90   325
ant209       1965336.111          5198808.278         -3118483.104     dish_12m_unpol 5   90   325
ant210       1831760.639          5244988.613         -3122446.337     dish_12m_unpol 5   90   325
ant211       1814148.470          5323578.784         -2998070.774     dish_12m_unpol 5   90   325
ant212       1952519.297          5315352.943         -2925345.933     dish_12m_unpol 5   90   325
ant213       2047972.907          5223516.846         -3023195.867     dish_12m_unpol 5   90   325
ant214       1946934.737          5181987.349         -3157513.545     dish_12m_unpol 5   90   325
ant215       1785450.963          5260764.186         -3122729.072     dish_12m_unpol 5   90   325
ant216       1808566.613          5349914.927         -2954538.476     dish_12m_unpol 5   90   325
ant217       2000226.570          5311396.501         -2900361.901     dish_12m_unpol 5   90   325
ant218       2080092.619          5191023.336         -3056819.943     dish_12m_unpol 5   90   325
