0.000 0.00000e+00
0.100 3.80608e-05
0.200 7.61224e-05
0.300 1.14186e-04
0.400 1.52251e-04
0.500 1.90320e-04
0.600 2.28394e-04
0.700 2.66472e-04
0.800 3.04555e-04
0.900 3.42646e-04
1.000 3.80744e-04
1.100 4.18850e-04
1.200 4.56965e-04
1.300 4.95090e-04
1.400 5.33226e-04
1.500 5.71373e-04
1.600 6.09533e-04
1.700 6.47706e-04
1.800 6.85893e-04
1.900 7.24095e-04
2.000 7.62313e-04
2.100 8.00547e-04
2.200 8.38798e-04
2.300 8.77068e-04
2.400 9.15357e-04
2.500 9.53665e-04
2.600 9.91995e-04
2.700 1.03035e-03
2.800 1.06872e-03
2.900 1.10712e-03
3.000 1.14554e-03
3.100 1.18398e-03
3.200 1.22245e-03
3.300 1.26095e-03
3.400 1.29947e-03
3.500 1.33803e-03
3.600 1.37661e-03
3.700 1.41522e-03
3.800 1.45387e-03
3.900 1.49254e-03
4.000 1.53125e-03
4.100 1.56999e-03
4.200 1.60876e-03
4.300 1.64757e-03
4.400 1.68642e-03
4.500 1.72530e-03
4.600 1.76422e-03
4.700 1.80318e-03
4.800 1.84218e-03
4.900 1.88122e-03
5.000 1.92030e-03
5.100 1.95942e-03
5.200 1.99858e-03
5.300 2.03779e-03
5.400 2.07704e-03
5.500 2.11634e-03
5.600 2.15569e-03
5.700 2.19508e-03
5.800 2.23452e-03
5.900 2.27401e-03
6.000 2.31355e-03
6.100 2.35314e-03
6.200 2.39278e-03
6.300 2.43247e-03
6.400 2.47222e-03
6.500 2.51202e-03
6.600 2.55188e-03
6.700 2.59179e-03
6.800 2.63176e-03
6.900 2.67179e-03
7.000 2.71187e-03
7.100 2.75202e-03
7.200 2.79223e-03
7.300 2.83250e-03
7.400 2.87283e-03
7.500 2.91322e-03
7.600 2.95368e-03
7.700 2.99421e-03
7.800 3.03480e-03
7.900 3.07546e-03
8.000 3.11618e-03
8.100 3.15698e-03
8.200 3.19784e-03
8.300 3.23878e-03
8.400 3.27979e-03
8.500 3.32087e-03
8.600 3.36203e-03
8.700 3.40326e-03
8.800 3.44456e-03
8.900 3.48595e-03
9.000 3.52741e-03
9.100 3.56894e-03
9.200 3.61056e-03
9.300 3.65226e-03
9.400 3.69404e-03
9.500 3.73591e-03
9.600 3.77786e-03
9.700 3.81989e-03
9.800 3.86201e-03
9.900 3.90421e-03
10.000 3.94650e-03
10.100 3.98888e-03
10.200 4.03135e-03
10.300 4.07391e-03
10.400 4.11657e-03
10.500 4.15931e-03
10.600 4.20215e-03
10.700 4.24509e-03
10.800 4.28812e-03
10.900 4.33124e-03
11.000 4.37447e-03
11.100 4.41779e-03
11.200 4.46122e-03
11.300 4.50474e-03
11.400 4.54837e-03
11.500 4.59210e-03
11.600 4.63594e-03
11.700 4.67988e-03
11.800 4.72393e-03
11.900 4.76808e-03
12.000 4.81235e-03
12.100 4.85672e-03
12.200 4.90121e-03
12.300 4.94580e-03
12.400 4.99051e-03
12.500 5.03534e-03
12.600 5.08028e-03
12.700 5.12533e-03
12.800 5.17051e-03
12.900 5.21580e-03
13.000 5.26122e-03
13.100 5.30675e-03
13.200 5.35241e-03
13.300 5.39819e-03
13.400 5.44410e-03
13.500 5.49013e-03
13.600 5.53629e-03
13.700 5.58257e-03
13.800 5.62899e-03
13.900 5.67554e-03
14.000 5.72222e-03
14.100 5.76903e-03
14.200 5.81598e-03
14.300 5.86306e-03
14.400 5.91028e-03
14.500 5.95764e-03
14.600 6.00513e-03
14.700 6.05277e-03
14.800 6.10055e-03
14.900 6.14847e-03
15.000 6.19654e-03
15.100 6.24475e-03
15.200 6.29311e-03
15.300 6.34162e-03
15.400 6.39028e-03
15.500 6.43909e-03
15.600 6.48805e-03
15.700 6.53716e-03
15.800 6.58643e-03
15.900 6.63586e-03
16.000 6.68544e-03
16.100 6.73518e-03
16.200 6.78509e-03
16.300 6.83515e-03
16.400 6.88538e-03
16.500 6.93577e-03
16.600 6.98633e-03
16.700 7.03706e-03
16.800 7.08795e-03
16.900 7.13901e-03
17.000 7.19025e-03
17.100 7.24166e-03
17.200 7.29324e-03
17.300 7.34500e-03
17.400 7.39694e-03
17.500 7.44906e-03
17.600 7.50135e-03
17.700 7.55383e-03
17.800 7.60649e-03
17.900 7.65934e-03
18.000 7.71237e-03
18.100 7.76560e-03
18.200 7.81901e-03
18.300 7.87261e-03
18.400 7.92640e-03
18.500 7.98039e-03
18.600 8.03458e-03
18.700 8.08896e-03
18.800 8.14354e-03
18.900 8.19832e-03
19.000 8.25330e-03
19.100 8.30849e-03
19.200 8.36389e-03
19.300 8.41949e-03
19.400 8.47529e-03
19.500 8.53131e-03
19.600 8.58755e-03
19.700 8.64399e-03
19.800 8.70065e-03
19.900 8.75753e-03
20.000 8.81463e-03
20.100 8.87195e-03
20.200 8.92949e-03
20.300 8.98725e-03
20.400 9.04524e-03
20.500 9.10346e-03
20.600 9.16191e-03
20.700 9.22059e-03
20.800 9.27951e-03
20.900 9.33865e-03
21.000 9.39804e-03
21.100 9.45766e-03
21.200 9.51753e-03
21.300 9.57764e-03
21.400 9.63799e-03
21.500 9.69859e-03
21.600 9.75944e-03
21.700 9.82053e-03
21.800 9.88188e-03
21.900 9.94349e-03
22.000 1.00053e-02
22.100 1.00675e-02
22.200 1.01298e-02
22.300 1.01925e-02
22.400 1.02554e-02
22.500 1.03186e-02
22.600 1.03820e-02
22.700 1.04457e-02
22.800 1.05097e-02
22.900 1.05739e-02
23.000 1.06385e-02
23.100 1.07033e-02
23.200 1.07684e-02
23.300 1.08338e-02
23.400 1.08994e-02
23.500 1.09654e-02
23.600 1.10316e-02
23.700 1.10981e-02
23.800 1.11650e-02
23.900 1.12321e-02
24.000 1.12995e-02
24.100 1.13672e-02
24.200 1.14353e-02
24.300 1.15036e-02
24.400 1.15722e-02
24.500 1.16412e-02
24.600 1.17104e-02
24.700 1.17800e-02
24.800 1.18499e-02
24.900 1.19201e-02
25.000 1.19907e-02
25.100 1.20615e-02
25.200 1.21327e-02
25.300 1.22043e-02
25.400 1.22761e-02
25.500 1.23483e-02
25.600 1.24208e-02
25.700 1.24937e-02
25.800 1.25669e-02
25.900 1.26405e-02
26.000 1.27144e-02
26.100 1.27886e-02
26.200 1.28632e-02
26.300 1.29382e-02
26.400 1.30135e-02
26.500 1.30892e-02
26.600 1.31653e-02
26.700 1.32417e-02
26.800 1.33185e-02
26.900 1.33956e-02
27.000 1.34732e-02
27.100 1.35511e-02
27.200 1.36294e-02
27.300 1.37081e-02
27.400 1.37871e-02
27.500 1.38666e-02
27.600 1.39464e-02
27.700 1.40267e-02
27.800 1.41073e-02
27.900 1.41884e-02
28.000 1.42698e-02
28.100 1.43517e-02
28.200 1.44340e-02
28.300 1.45167e-02
28.400 1.45998e-02
28.500 1.46833e-02
28.600 1.47673e-02
28.700 1.48516e-02
28.800 1.49365e-02
28.900 1.50217e-02
29.000 1.51074e-02
29.100 1.51935e-02
29.200 1.52801e-02
29.300 1.53671e-02
29.400 1.54546e-02
29.500 1.55425e-02
29.600 1.56309e-02
29.700 1.57198e-02
29.800 1.58091e-02
29.900 1.58989e-02
30.000 1.59891e-02
30.100 1.60798e-02
30.200 1.61711e-02
30.300 1.62627e-02
30.400 1.63549e-02
30.500 1.64476e-02
30.600 1.65408e-02
30.700 1.66344e-02
30.800 1.67286e-02
30.900 1.68233e-02
31.000 1.69185e-02
31.100 1.70142e-02
31.200 1.71104e-02
31.300 1.72072e-02
31.400 1.73044e-02
31.500 1.74022e-02
31.600 1.75006e-02
31.700 1.75994e-02
31.800 1.76989e-02
31.900 1.77988e-02
32.000 1.78993e-02
32.100 1.80004e-02
32.200 1.81021e-02
32.300 1.82043e-02
32.400 1.83070e-02
32.500 1.84104e-02
32.600 1.85143e-02
32.700 1.86188e-02
32.800 1.87239e-02
32.900 1.88296e-02
33.000 1.89358e-02
33.100 1.90427e-02
33.200 1.91502e-02
33.300 1.92583e-02
33.400 1.93670e-02
33.500 1.94763e-02
33.600 1.95863e-02
33.700 1.96969e-02
33.800 1.98081e-02
33.900 1.99200e-02
34.000 2.00325e-02
34.100 2.01456e-02
34.200 2.02595e-02
34.300 2.03739e-02
34.400 2.04891e-02
34.500 2.06049e-02
34.600 2.07214e-02
34.700 2.08385e-02
34.800 2.09564e-02
34.900 2.10749e-02
35.000 2.11942e-02
35.100 2.13141e-02
35.200 2.14348e-02
35.300 2.15562e-02
35.400 2.16783e-02
35.500 2.18011e-02
35.600 2.19246e-02
35.700 2.20489e-02
35.800 2.21740e-02
35.900 2.22998e-02
36.000 2.24263e-02
36.100 2.25536e-02
36.200 2.26817e-02
36.300 2.28105e-02
36.400 2.29401e-02
36.500 2.30706e-02
36.600 2.32018e-02
36.700 2.33338e-02
36.800 2.34666e-02
36.900 2.36002e-02
37.000 2.37347e-02
37.100 2.38699e-02
37.200 2.40060e-02
37.300 2.41430e-02
37.400 2.42808e-02
37.500 2.44194e-02
37.600 2.45589e-02
37.700 2.46993e-02
37.800 2.48405e-02
37.900 2.49826e-02
38.000 2.51257e-02
38.100 2.52696e-02
38.200 2.54144e-02
38.300 2.55601e-02
38.400 2.57067e-02
38.500 2.58543e-02
38.600 2.60028e-02
38.700 2.61522e-02
38.800 2.63026e-02
38.900 2.64540e-02
39.000 2.66063e-02
39.100 2.67595e-02
39.200 2.69138e-02
39.300 2.70690e-02
39.400 2.72253e-02
39.500 2.73825e-02
39.600 2.75408e-02
39.700 2.77001e-02
39.800 2.78604e-02
39.900 2.80217e-02
40.000 2.81841e-02
40.100 2.83476e-02
40.200 2.85121e-02
40.300 2.86777e-02
40.400 2.88443e-02
40.500 2.90121e-02
40.600 2.91809e-02
40.700 2.93509e-02
40.800 2.95220e-02
40.900 2.96942e-02
41.000 2.98676e-02
41.100 3.00421e-02
41.200 3.02177e-02
41.300 3.03945e-02
41.400 3.05725e-02
41.500 3.07517e-02
41.600 3.09321e-02
41.700 3.11137e-02
41.800 3.12965e-02
41.900 3.14806e-02
42.000 3.16658e-02
42.100 3.18523e-02
42.200 3.20401e-02
42.300 3.22292e-02
42.400 3.24195e-02
42.500 3.26111e-02
42.600 3.28040e-02
42.700 3.29983e-02
42.800 3.31938e-02
42.900 3.33907e-02
43.000 3.35890e-02
43.100 3.37886e-02
43.200 3.39895e-02
43.300 3.41919e-02
43.400 3.43956e-02
43.500 3.46008e-02
43.600 3.48073e-02
43.700 3.50153e-02
43.800 3.52248e-02
43.900 3.54357e-02
44.000 3.56480e-02
44.100 3.58619e-02
44.200 3.60772e-02
44.300 3.62941e-02
44.400 3.65124e-02
44.500 3.67323e-02
44.600 3.69538e-02
44.700 3.71768e-02
44.800 3.74013e-02
44.900 3.76275e-02
