0.000 0.00000e+00
0.100 3.80167e-03
0.200 7.60343e-03
0.300 1.14054e-02
0.400 1.52075e-02
0.500 1.90100e-02
0.600 2.28129e-02
0.700 2.66163e-02
0.800 3.04203e-02
0.900 3.42250e-02
1.000 3.80303e-02
1.100 4.18365e-02
1.200 4.56436e-02
1.300 4.94517e-02
1.400 5.32609e-02
1.500 5.70712e-02
1.600 6.08828e-02
1.700 6.46957e-02
1.800 6.85100e-02
1.900 7.23258e-02
2.000 7.61431e-02
2.100 7.99621e-02
2.200 8.37828e-02
2.300 8.76054e-02
2.400 9.14298e-02
2.500 9.52562e-02
2.600 9.90847e-02
2.700 1.02915e-01
2.800 1.06748e-01
2.900 1.10583e-01
3.000 1.14421e-01
3.100 1.18261e-01
3.200 1.22104e-01
3.300 1.25949e-01
3.400 1.29797e-01
3.500 1.33648e-01
3.600 1.37502e-01
3.700 1.41359e-01
3.800 1.45218e-01
3.900 1.49082e-01
4.000 1.52948e-01
4.100 1.56817e-01
4.200 1.60690e-01
4.300 1.64567e-01
4.400 1.68447e-01
4.500 1.72331e-01
4.600 1.76218e-01
4.700 1.80110e-01
4.800 1.84005e-01
4.900 1.87904e-01
5.000 1.91808e-01
5.100 1.95715e-01
5.200 1.99627e-01
5.300 2.03544e-01
5.400 2.07464e-01
5.500 2.11390e-01
5.600 2.15320e-01
5.700 2.19254e-01
5.800 2.23194e-01
5.900 2.27138e-01
6.000 2.31087e-01
6.100 2.35042e-01
6.200 2.39001e-01
6.300 2.42966e-01
6.400 2.46936e-01
6.500 2.50912e-01
6.600 2.54893e-01
6.700 2.58880e-01
6.800 2.62872e-01
6.900 2.66870e-01
7.000 2.70874e-01
7.100 2.74884e-01
7.200 2.78900e-01
7.300 2.82923e-01
7.400 2.86951e-01
7.500 2.90986e-01
7.600 2.95027e-01
7.700 2.99075e-01
7.800 3.03130e-01
7.900 3.07191e-01
8.000 3.11259e-01
8.100 3.15334e-01
8.200 3.19416e-01
8.300 3.23505e-01
8.400 3.27601e-01
8.500 3.31704e-01
8.600 3.35815e-01
8.700 3.39933e-01
8.800 3.44059e-01
8.900 3.48193e-01
9.000 3.52334e-01
9.100 3.56483e-01
9.200 3.60640e-01
9.300 3.64805e-01
9.400 3.68979e-01
9.500 3.73160e-01
9.600 3.77350e-01
9.700 3.81549e-01
9.800 3.85756e-01
9.900 3.89971e-01
10.000 3.94196e-01
10.100 3.98429e-01
10.200 4.02671e-01
10.300 4.06922e-01
10.400 4.11183e-01
10.500 4.15452e-01
10.600 4.19732e-01
10.700 4.24020e-01
10.800 4.28318e-01
10.900 4.32626e-01
11.000 4.36944e-01
11.100 4.41271e-01
11.200 4.45609e-01
11.300 4.49956e-01
11.400 4.54314e-01
11.500 4.58682e-01
11.600 4.63061e-01
11.700 4.67450e-01
11.800 4.71850e-01
11.900 4.76260e-01
12.000 4.80682e-01
12.100 4.85114e-01
12.200 4.89557e-01
12.300 4.94012e-01
12.400 4.98478e-01
12.500 5.02955e-01
12.600 5.07444e-01
12.700 5.11945e-01
12.800 5.16457e-01
12.900 5.20982e-01
13.000 5.25518e-01
13.100 5.30066e-01
13.200 5.34627e-01
13.300 5.39200e-01
13.400 5.43785e-01
13.500 5.48383e-01
13.600 5.52994e-01
13.700 5.57617e-01
13.800 5.62253e-01
13.900 5.66903e-01
14.000 5.71566e-01
14.100 5.76242e-01
14.200 5.80931e-01
14.300 5.85634e-01
14.400 5.90351e-01
14.500 5.95081e-01
14.600 5.99825e-01
14.700 6.04584e-01
14.800 6.09356e-01
14.900 6.14143e-01
15.000 6.18945e-01
15.100 6.23760e-01
15.200 6.28591e-01
15.300 6.33436e-01
15.400 6.38297e-01
15.500 6.43172e-01
15.600 6.48063e-01
15.700 6.52969e-01
15.800 6.57890e-01
15.900 6.62827e-01
16.000 6.67780e-01
16.100 6.72749e-01
16.200 6.77733e-01
16.300 6.82734e-01
16.400 6.87751e-01
16.500 6.92785e-01
16.600 6.97835e-01
16.700 7.02902e-01
16.800 7.07986e-01
16.900 7.13087e-01
17.000 7.18205e-01
17.100 7.23340e-01
17.200 7.28492e-01
17.300 7.33663e-01
17.400 7.38851e-01
17.500 7.44056e-01
17.600 7.49280e-01
17.700 7.54522e-01
17.800 7.59783e-01
17.900 7.65061e-01
18.000 7.70359e-01
18.100 7.75675e-01
18.200 7.81010e-01
18.300 7.86365e-01
18.400 7.91738e-01
18.500 7.97131e-01
18.600 8.02543e-01
18.700 8.07976e-01
18.800 8.13428e-01
18.900 8.18900e-01
19.000 8.24392e-01
19.100 8.29905e-01
19.200 8.35438e-01
19.300 8.40992e-01
19.400 8.46567e-01
19.500 8.52162e-01
19.600 8.57779e-01
19.700 8.63418e-01
19.800 8.69078e-01
19.900 8.74759e-01
20.000 8.80463e-01
20.100 8.86188e-01
20.200 8.91936e-01
20.300 8.97706e-01
20.400 9.03499e-01
20.500 9.09315e-01
20.600 9.15153e-01
20.700 9.21015e-01
20.800 9.26900e-01
20.900 9.32808e-01
21.000 9.38740e-01
21.100 9.44696e-01
21.200 9.50676e-01
21.300 9.56680e-01
21.400 9.62709e-01
21.500 9.68762e-01
21.600 9.74840e-01
21.700 9.80943e-01
21.800 9.87071e-01
21.900 9.93225e-01
22.000 9.99404e-01
22.100 1.00561e+00
22.200 1.01184e+00
22.300 1.01810e+00
22.400 1.02438e+00
22.500 1.03069e+00
22.600 1.03703e+00
22.700 1.04339e+00
22.800 1.04978e+00
22.900 1.05620e+00
23.000 1.06265e+00
23.100 1.06912e+00
23.200 1.07563e+00
23.300 1.08216e+00
23.400 1.08872e+00
23.500 1.09530e+00
23.600 1.10192e+00
23.700 1.10857e+00
23.800 1.11524e+00
23.900 1.12195e+00
24.000 1.12868e+00
24.100 1.13545e+00
24.200 1.14224e+00
24.300 1.14907e+00
24.400 1.15592e+00
24.500 1.16281e+00
24.600 1.16973e+00
24.700 1.17668e+00
24.800 1.18366e+00
24.900 1.19068e+00
25.000 1.19772e+00
25.100 1.20480e+00
25.200 1.21191e+00
25.300 1.21906e+00
25.400 1.22624e+00
25.500 1.23345e+00
25.600 1.24069e+00
25.700 1.24797e+00
25.800 1.25529e+00
25.900 1.26263e+00
26.000 1.27002e+00
26.100 1.27743e+00
26.200 1.28489e+00
26.300 1.29238e+00
26.400 1.29990e+00
26.500 1.30746e+00
26.600 1.31506e+00
26.700 1.32269e+00
26.800 1.33036e+00
26.900 1.33807e+00
27.000 1.34582e+00
27.100 1.35360e+00
27.200 1.36142e+00
27.300 1.36928e+00
27.400 1.37718e+00
27.500 1.38512e+00
27.600 1.39309e+00
27.700 1.40111e+00
27.800 1.40917e+00
27.900 1.41726e+00
28.000 1.42540e+00
28.100 1.43358e+00
28.200 1.44180e+00
28.300 1.45006e+00
28.400 1.45836e+00
28.500 1.46670e+00
28.600 1.47509e+00
28.700 1.48352e+00
28.800 1.49199e+00
28.900 1.50051e+00
29.000 1.50907e+00
29.100 1.51767e+00
29.200 1.52632e+00
29.300 1.53501e+00
29.400 1.54375e+00
29.500 1.55254e+00
29.600 1.56137e+00
29.700 1.57024e+00
29.800 1.57916e+00
29.900 1.58813e+00
30.000 1.59715e+00
30.100 1.60621e+00
30.200 1.61533e+00
30.300 1.62449e+00
30.400 1.63369e+00
30.500 1.64295e+00
30.600 1.65226e+00
30.700 1.66162e+00
30.800 1.67102e+00
30.900 1.68048e+00
31.000 1.68999e+00
31.100 1.69955e+00
31.200 1.70916e+00
31.300 1.71883e+00
31.400 1.72855e+00
31.500 1.73832e+00
31.600 1.74814e+00
31.700 1.75802e+00
31.800 1.76795e+00
31.900 1.77794e+00
32.000 1.78798e+00
32.100 1.79808e+00
32.200 1.80823e+00
32.300 1.81844e+00
32.400 1.82871e+00
32.500 1.83903e+00
32.600 1.84941e+00
32.700 1.85985e+00
32.800 1.87035e+00
32.900 1.88091e+00
33.000 1.89152e+00
33.100 1.90220e+00
33.200 1.91294e+00
33.300 1.92374e+00
33.400 1.93460e+00
33.500 1.94552e+00
33.600 1.95651e+00
33.700 1.96755e+00
33.800 1.97867e+00
33.900 1.98984e+00
34.000 2.00108e+00
34.100 2.01238e+00
34.200 2.02375e+00
34.300 2.03519e+00
34.400 2.04669e+00
34.500 2.05826e+00
34.600 2.06990e+00
34.700 2.08161e+00
34.800 2.09338e+00
34.900 2.10522e+00
35.000 2.11714e+00
35.100 2.12912e+00
35.200 2.14117e+00
35.300 2.15330e+00
35.400 2.16550e+00
35.500 2.17777e+00
35.600 2.19011e+00
35.700 2.20253e+00
35.800 2.21502e+00
35.900 2.22759e+00
36.000 2.24023e+00
36.100 2.25295e+00
36.200 2.26574e+00
36.300 2.27861e+00
36.400 2.29156e+00
36.500 2.30459e+00
36.600 2.31770e+00
36.700 2.33089e+00
36.800 2.34416e+00
36.900 2.35751e+00
37.000 2.37094e+00
37.100 2.38445e+00
37.200 2.39805e+00
37.300 2.41173e+00
37.400 2.42550e+00
37.500 2.43935e+00
37.600 2.45328e+00
37.700 2.46731e+00
37.800 2.48142e+00
37.900 2.49562e+00
38.000 2.50991e+00
38.100 2.52428e+00
38.200 2.53875e+00
38.300 2.55331e+00
38.400 2.56796e+00
38.500 2.58270e+00
38.600 2.59754e+00
38.700 2.61247e+00
38.800 2.62749e+00
38.900 2.64261e+00
39.000 2.65783e+00
39.100 2.67314e+00
39.200 2.68855e+00
39.300 2.70406e+00
39.400 2.71967e+00
39.500 2.73538e+00
39.600 2.75119e+00
39.700 2.76711e+00
39.800 2.78312e+00
39.900 2.79924e+00
40.000 2.81547e+00
40.100 2.83180e+00
40.200 2.84823e+00
40.300 2.86478e+00
40.400 2.88143e+00
40.500 2.89819e+00
40.600 2.91506e+00
40.700 2.93204e+00
40.800 2.94913e+00
40.900 2.96634e+00
41.000 2.98366e+00
41.100 3.00109e+00
41.200 3.01864e+00
41.300 3.03631e+00
41.400 3.05410e+00
41.500 3.07200e+00
41.600 3.09002e+00
41.700 3.10816e+00
41.800 3.12643e+00
41.900 3.14481e+00
42.000 3.16333e+00
42.100 3.18196e+00
42.200 3.20072e+00
42.300 3.21961e+00
42.400 3.23863e+00
42.500 3.25777e+00
42.600 3.27705e+00
42.700 3.29645e+00
42.800 3.31599e+00
42.900 3.33566e+00
43.000 3.35547e+00
43.100 3.37541e+00
43.200 3.39549e+00
43.300 3.41571e+00
43.400 3.43607e+00
43.500 3.45656e+00
43.600 3.47720e+00
43.700 3.49798e+00
43.800 3.51891e+00
43.900 3.53998e+00
44.000 3.56120e+00
44.100 3.58257e+00
44.200 3.60408e+00
44.300 3.62575e+00
44.400 3.64757e+00
44.500 3.66954e+00
44.600 3.69166e+00
44.700 3.71394e+00
44.800 3.73638e+00
44.900 3.75898e+00
